1.67		
3.7		
2.74		
-4.31		
-1.78		
-1.58		
6.27		
-4.84		
1.33		
5.9		
6.51		
2.14		
-2.65		
0.58		
4.86		
8.88		
-3.45		
9.14		
0.67		
-2.9		
1.13		
-2.01		
-0.44		
6.19		
-5.75		
-0.41		
-4.49		
-1.13		
5.35		
-4.57		
1.61		
4.46		
10.66		
2.12		
18.53		
1.89		
3.75		
1.85		
8.39		
6.14		
6.53		
-1.01		
7.48		
-4.9		
4.03		
-1.24		
3.31		
-7.52		
-0.04		
0.25		
-8.37		
-0.41		
-8.7		
1.24		
0.9		
4.37		
3.26		
0.81		
-0.14		
7.38		
-1.69		
-5.02		
1.43		
-3.09		
-1.03		
6.88		
2.8		
2.94		
-0.13		
-1.82		
2.45		
-0.11		
-1.31		
-11.69		
7.27		
4.66		
-3.7		
-1.89		
3.96		
0.57		
1.81		
-4.24		
0.64		
-3.63		
-2.12		
0		
-2.87		
1.83		
3.07		
1.93		
-0.62		
-0.56		
-1.73		
-0.71		
0.06		
2.57		
0.53		
1.72		
0.53		
-3.11		
-0.43		
-0.4		
2.33		
2.77		
0.08		
-0.44		
2.96		
2.14		
-0.12		
-1.36		
-7.62		
-3.77		
-0.09		
5.81		
-0.71		
5.75		
-1.39		
-1.08		
0.19		
2.63		
-2.1		
0.97		
-2.05		
-2.39		
9.51		
-0.11		
0		
6.36		
2.14		
-3.16		
8.31		
-7.15		
2.77		
-2.49		
0.93		
-1.61		
-5.69		
-0.22		
1.71		
2.9		
1.75		
-5.48		
-3.85		
4.97		
3.22		
-6.73		
-0.92		
0.95		
4.28		
-6.44		
1.88		
1.71		
0.18		
4.95		
-1.06		
6.01		
-1.89		
-4.43		
2.35		
-3.01		
-0.75		
1.97		
1.87		
-2.3		
4.55		
7.26		
9.25		
-6.14		
-1.63		
-8.01		
5.15		
0.73		
-3.11		
-2.04		
2.85		
3.67		
-0.69		
2.99		
-4.34		
-2.54		
-12.63		
-2.93		
-1.01		
-2.15		
-8.07		
2.88		
6.27		
-0.11		
-14.44		
-1.8		
-5.11		
-2.27		
-1.62		
-5.3		
-5.05		
6.16		
-1.38		
1.4		
-1.86		
-1.98		
0.74		
-1.8		
-6.66		
-7.77		
-3.75		
1.21		
-12.52		
1.11		
-1.33		
-2.67		
-1.22		
2.54		
-5.51		
8.93		
-2.7		
0.95		
-0.87		
-1.32		
-0.49		
-2.51		
-6.38		
-1.07		
-6.05		
-7.36		
-3.42		
-10.78		
2.45		
-26.14		
-5.01		
-0.8		
2.73		
-1.01		
1.47		
0.48		
-1.17		
-2.35		
1.12		
-1.72		
-8.57		
1.71		
0.45		
1.23		
4.9		
-1.86		
-4.74		
4.77		
-2.02		
-5.15		
-2.81		
