2.61		
6.08		
15.56		
9.23		
13.82		
-1.93		
4.11		
5.4		
0.43		
6.12		
-2.68		
4.85		
1.64		
-2.09		
6.82		
8.88		
2.36		
2.67		
3.7		
-1.14		
4.62		
0.26		
2.1		
15.82		
0.19		
12.38		
5.44		
-2.54		
1.13		
4.71		
2.98		
4.29		
4.62		
8.03		
2.08		
1.64		
-1.29		
9.32		
10.25		
1.1		
19.07		
0.4		
-4.14		
2.1		
-1.02		
-0.58		
14.97		
1.91		
2.06		
24.68		
21.75		
0		
1.05		
12.01		
0.71		
2.05		
-0.68		
7.79		
2.68		
0.15		
6.52		
17.03		
18.17		
-1.39		
1.96		
10.47		
0.82		
-0.75		
3.33		
1.55		
-0.34		
2.5		
2.59		
4.78		
-1.46		
1.87		
2.7		
3.63		
2.49		
-3.16		
0.73		
3.81		
11.35		
19.65		
-0.04		
12.53		
2.0		
10.18		
-4.67		
4.57		
0.32		
-6.17		
1.81		
3.8		
13.07		
3.0		
2.44		
16.91		
0		
5.65		
4.99		
15.95		
-0.54		
0.8		
13.92		
2.07		
9.73		
1.25		
6.04		
0		
5.88		
13.67		
19.46		
10.59		
5.69		
4.54		
1.16		
7.86		
5.74		
13.2		
1.95		
14.31		
3.62		
0		
-2.64		
7.75		
3.11		
5.92		
-0.16		
1.43		
12.69		
4.9		
6.81		
11.87		
9.17		
0		
4.02		
2.32		
0.85		
4.9		
8.14		
0.47		
20.37		
7.08		
-1.14		
10.59		
0.09		
1.87		
13.19		
6.51		
4.48		
12.92		
3.02		
7.24		
16.32		
45.72		
3.14		
3.22		
0.07		
4.49		
11.73		
0		
17.92		
6.23		
12.28		
-0.11		
0.85		
2.28		
-0.41		
0		
9.04		
4.08		
1.88		
0.35		
0.89		
-2.31		
2.02		
6.2		
8.62		
-2.32		
-3.06		
0		
3.97		
0		
1.16		
0		
-6.84		
1.93		
-0.6		
3.8		
-4.57		
6.2		
0		
9.38		
3.77		
0.28		
5.12		
3.63		
11.48		
10.91		
1.83		
-3.0		
2.12		
3.62		
0		
0		
2.78		
4.59		
2.3		
9.12		
-0.08		
2.55		
6.77		
11.11		
-2.14		
-1.61		
1.55		
8.77		
-0.67		
13.41		
0.6		
12.33		
-5.85		
7.24		
3.53		
6.8		
7.62		
0		
15.2		
-3.47		
-1.19		
0		
7.95		
-1.12		
4.28		
9.0		
-6.42		
1.76		
0.05		
-0.03		
10.4		
10.6		
-1.97		
2.07		
1.89		
9.47		
-3.22		
-0.27		
4.42		
