0		
0.62		
12.37		
0.61		
4.25		
8.78		
44.09		
5.05		
2.18		
-0.28		
0.1		
6.01		
1.16		
7.41		
15.07		
10.72		
4.8		
7.83		
11.51		
3.11		
10.84		
3.53		
-0.39		
-2.21		
1.21		
4.8		
8.31		
-4.09		
12.45		
3.06		
7.98		
9.29		
-0.73		
3.47		
7.17		
1.83		
4.47		
-2.21		
0		
5.83		
6.47		
10.08		
9.78		
10.97		
5.24		
8.07		
7.59		
1.51		
0.46		
-0.95		
0.98		
0		
9.45		
3.8		
10.59		
10.88		
9.17		
11.19		
0.35		
-0.12		
-1.91		
1.52		
8.38		
8.19		
5.35		
-4.26		
3.19		
-2.6		
1.91		
-0.45		
12.13		
5.41		
-1.84		
1.13		
23.6		
1.02		
-0.51		
-1.62		
3.13		
-5.45		
2.53		
0.41		
5.94		
2.06		
-1.25		
1.93		
3.16		
2.05		
7.48		
-0.6		
2.89		
3.18		
-3.51		
0.84		
-7.99		
4.41		
9.37		
0		
-0.24		
32.5		
1.85		
-1.02		
9.28		
0.86		
4.39		
13.72		
1.28		
3.62		
-1.77		
-4.08		
26.37		
-4.14		
5.53		
4.4		
22.64		
-3.07		
7.48		
-4.49		
-0.66		
16.83		
-3.34		
3.55		
3.64		
7.68		
-2.46		
-2.69		
-2.12		
3.9		
0.87		
5.24		
-0.84		
0.93		
9.31		
10.88		
-0.04		
0		
5.51		
0.02		
0.2		
3.75		
-0.53		
4.8		
4.49		
-1.94		
1.42		
8.6		
3.86		
-2.91		
10.91		
6.24		
4.16		
-4.81		
13.46		
3.75		
-1.03		
8.16		
0		
-4.2		
7.8		
2.24		
12.32		
3.93		
-2.59		
5.91		
-1.6		
2.84		
0		
5.48		
-6.28		
3.8		
0		
15.28		
3.64		
0		
-1.52		
0		
0.44		
0		
0		
0		
0		
0		
1.31		
13.63		
-5.47		
19.25		
0		
5.73		
6.75		
0		
0		
4.61		
15.74		
0		
4.2		
0		
-0.83		
7.06		
0.73		
3.77		
11.11		
-1.35		
1.65		
0		
2.07		
0		
10.07		
1.46		
4.22		
-0.87		
-1.24		
2.18		
2.04		
7.98		
2.12		
1.33		
-0.06		
3.62		
4.65		
-0.06		
4.6		
0		
13.32		
-8.99		
4.92		
-1.62		
-3.09		
8.23		
3.0		
0		
3.26		
7.62		
0		
0		
3.33		
0		
1.74		
1.02		
0		
10.09		
6.83		
5.99		
0.55		
0		
0.27		
1.51		
-2.95		
3.12		
1.57		
