6.8		
4.19		
-1.19		
-0.14		
5.57		
2.29		
5.31		
0.39		
6.66		
1.61		
-1.74		
-1.04		
0.0		
-1.0		
1.21		
4.5		
2.27		
-1.2		
0.86		
4.87		
5.05		
-8.11		
-0.05		
-1.19		
-2.79		
6.67		
3.1		
-3.7		
7.82		
-3.15		
11.99		
-1.16		
1.34		
-2.5		
2.14		
-1.92		
-1.33		
5.71		
3.44		
5.1		
1.58		
4.39		
1.22		
-1.55		
-4.16		
1.78		
-4.06		
-1.04		
5.87		
5.55		
4.14		
0.18		
2.94		
1.36		
2.97		
18.67		
0.2		
11.64		
-0.34		
-1.18		
-3.42		
0.22		
-0.09		
-2.28		
-2.63		
3.49		
0.93		
0.57		
3.71		
-2.42		
-2.1		
-2.05		
3.1		
1.06		
0.82		
0		
-4.16		
0.84		
4.41		
-0.9		
-2.53		
5.54		
1.13		
2.18		
15.05		
8.39		
9.04		
1.74		
0.61		
11.97		
11.5		
9.64		
3.32		
-2.61		
-1.18		
0.55		
6.95		
7.59		
2.4		
13.98		
7.1		
3.74		
-0.36		
-6.23		
9.37		
4.12		
-0.97		
-0.83		
4.91		
5.44		
1.52		
-0.04		
1.12		
7.88		
14.62		
12.19		
7.39		
7.07		
0.12		
3.37		
8.08		
3.25		
-0.61		
9.93		
13.95		
15.39		
0.33		
12.21		
0.72		
1.29		
1.7		
6.63		
7.5		
3.7		
7.64		
1.29		
4.33		
16.33		
1.01		
3.17		
-0.45		
-0.16		
2.44		
0.31		
0.95		
6.72		
3.77		
4.53		
-0.83		
17.64		
14.87		
1.49		
7.3		
1.91		
10.64		
1.45		
17.19		
0.32		
2.23		
-0.6		
3.92		
-0.72		
2.37		
8.3		
2.32		
3.86		
0.75		
0		
0		
-0.13		
0		
0.98		
0		
0.06		
0		
0		
0		
-1.1		
0.19		
1.8		
5.32		
0		
-2.38		
0		
0		
-0.79		
3.06		
4.99		
0		
-3.05		
3.11		
0		
0		
-2.54		
0		
-3.09		
0		
0.1		
2.3		
-0.43		
2.09		
-2.56		
5.13		
-0.89		
-0.24		
0		
2.91		
0		
0.14		
-0.36		
-1.71		
3.26		
0		
-0.79		
1.99		
0		
2.4		
4.8		
2.03		
15.92		
0.86		
0		
0		
-3.21		
0		
1.03		
1.97		
-0.13		
6.83		
4.83		
0		
1.39		
-0.37		
0		
1.27		
-1.07		
-0.13		
0		
0		
0		
-0.98		
2.03		
-0.03		
-0.22		
0		
0		
-2.02		
4.34		
0		
