12.25		
0.64		
0.5		
1.58		
-1.24		
1.81		
2.8		
1.99		
1.96		
4.73		
-0.33		
2.35		
0		
-0.26		
1.59		
-0.77		
1.8		
1.35		
3.45		
-3.69		
0		
1.53		
5.79		
8.54		
0.24		
-0.2		
0.98		
-0.63		
15.81		
1.08		
13.12		
10.5		
2.59		
0.83		
1.13		
0		
-0.98		
-1.88		
5.56		
2.4		
0		
-1.58		
-0.6		
0		
0.68		
4.89		
8.76		
6.22		
0		
7.72		
3.2		
1.08		
0		
0		
1.92		
0.74		
7.33		
3.32		
0.85		
-0.61		
2.97		
7.43		
0		
2.95		
0		
0.96		
8.71		
-3.57		
2.89		
0		
0.33		
1.05		
1.74		
15.18		
-1.56		
6.21		
-4.45		
-0.81		
0		
0		
0		
0		
-2.72		
7.02		
7.69		
3.53		
7.42		
5.01		
1.16		
-0.4		
4.26		
17.12		
0.52		
12.44		
3.97		
4.32		
5.67		
-1.02		
0.04		
2.01		
-1.67		
4.16		
13.23		
1.9		
-3.74		
1.43		
2.29		
9.03		
-0.83		
16.32		
0.08		
1.08		
11.73		
9.98		
5.78		
5.8		
4.75		
27.19		
-0.18		
3.7		
3.61		
0.56		
12.61		
0.06		
0.11		
3.87		
16.1		
7.84		
5.65		
-1.68		
5.24		
10.41		
-1.06		
5.79		
11.41		
9.35		
5.55		
-2.16		
6.32		
0		
4.11		
5.7		
8.1		
7.67		
13.98		
4.4		
-0.52		
10.85		
10.11		
8.33		
1.12		
-1.1		
2.15		
6.98		
0.43		
5.49		
3.84		
3.9		
5.62		
-1.6		
3.56		
9.88		
0.8		
-3.77		
0		
10.23		
5.29		
0.89		
7.07		
-1.12		
0.09		
3.75		
-1.89		
-0.98		
-0.18		
12.59		
5.93		
0		
7.54		
5.01		
2.2		
3.7		
-0.22		
2.19		
3.44		
3.6		
1.04		
2.4		
-0.83		
1.1		
7.87		
3.17		
-3.17		
7.82		
1.33		
-0.83		
5.0		
1.9		
3.62		
3.01		
1.41		
3.88		
0.45		
3.75		
10.77		
2.55		
-0.37		
6.85		
-0.37		
1.7		
-6.64		
-1.04		
1.34		
0.03		
4.61		
6.44		
5.56		
9.29		
1.42		
4.83		
1.19		
3.75		
2.41		
4.22		
2.98		
-1.35		
1.54		
3.44		
-0.36		
0		
-2.79		
3.28		
0		
7.26		
3.34		
9.23		
-0.3		
-0.97		
-2.97		
3.75		
-0.06		
8.06		
8.36		
7.76		
6.06		
2.43		
0		
3.41		
3.75		
