1.45		
-3.13		
-5.07		
7.41		
-0.02		
22.15		
-2.96		
1.29		
7.67		
6.31		
3.64		
1.43		
16.58		
6.9		
2.04		
-0.08		
7.63		
0.05		
-2.09		
8.77		
-2.3		
1.86		
2.29		
-1.82		
2.45		
-2.12		
-3.93		
6.01		
14.62		
3.43		
2.74		
0.91		
6.34		
-5.22		
4.48		
-0.56		
3.76		
10.75		
-3.44		
4.96		
2.65		
12.7		
-8.72		
2.4		
3.75		
-0.63		
1.02		
-1.27		
-0.51		
-1.26		
-4.83		
-1.29		
0.8		
-0.06		
0.84		
6.51		
-2.45		
-0.65		
-1.4		
3.78		
2.1		
0		
2.89		
2.63		
5.0		
6.76		
-7.01		
9.3		
-0.36		
-2.27		
-7.14		
0.35		
-3.09		
4.09		
0		
-1.6		
-4.08		
4.38		
5.83		
1.13		
11.44		
1.12		
0.91		
13.3		
-0.56		
0.47		
0.09		
7.08		
5.36		
0.19		
-2.7		
1.16		
1.69		
-1.28		
2.86		
-2.37		
0.61		
0.93		
0.14		
1.54		
2.89		
-1.43		
0		
12.51		
-5.84		
2.26		
-5.12		
5.54		
2.58		
2.17		
-3.32		
-7.52		
0.5		
7.56		
0.95		
5.79		
-0.31		
4.5		
-1.47		
0.18		
-7.01		
5.97		
6.97		
3.69		
-2.6		
-3.69		
7.0		
-6.24		
0.45		
2.03		
-1.27		
1.12		
-2.32		
-7.35		
-2.89		
1.67		
11.54		
4.11		
0.37		
-2.5		
-10.59		
7.43		
-2.63		
3.24		
8.0		
7.46		
-0.09		
-6.09		
3.37		
-0.87		
-1.52		
8.52		
0.95		
2.41		
-0.99		
2.31		
-0.91		
-0.5		
2.32		
0.72		
-7.27		
-3.38		
-1.91		
0.66		
0.5		
2.06		
1.18		
7.01		
1.45		
2.54		
1.94		
0.44		
-18.94		
1.07		
5.89		
-2.5		
-1.6		
-6.2		
5.78		
1.66		
0.56		
0.07		
7.4		
-3.4		
2.14		
5.29		
-0.87		
-4.92		
0.32		
-2.56		
-3.66		
1.43		
-3.09		
-0.2		
3.39		
0		
-2.1		
9.22		
2.32		
0		
7.61		
3.96		
-0.13		
0		
0.78		
7.67		
-0.73		
-9.38		
-0.75		
-4.56		
-4.6		
0.01		
0.72		
2.35		
6.78		
-3.66		
-6.1		
2.93		
4.03		
-3.12		
-0.09		
2.91		
-1.33		
3.06		
1.43		
2.23		
0.49		
2.76		
-0.7		
-10.78		
-0.06		
-1.96		
-2.42		
-8.08		
1.94		
13.0		
-6.01		
-1.59		
0		
0.4		
0.1		
2.94		
7.37		
0.64		
-4.47		
-1.02		
1.69		
0		
0.88		
