2.62		
5.5		
-3.46		
2.62		
-2.27		
12.61		
0.98		
-0.64		
0.47		
-0.99		
-3.04		
-8.05		
6.38		
2.43		
0.74		
-7.81		
0.42		
-0.78		
1.37		
-0.57		
-2.3		
0.67		
8.56		
5.95		
1.79		
5.04		
-1.29		
-5.04		
1.16		
-0.95		
0.96		
-4.25		
-2.12		
0.66		
4.36		
1.56		
1.67		
-6.3		
2.5		
-2.11		
0.97		
2.07		
-3.78		
-2.91		
0		
2.39		
1.98		
-1.07		
6.55		
-0.85		
6.36		
7.8		
-0.39		
1.72		
-4.92		
-3.97		
0.91		
13.77		
1.47		
0.28		
4.96		
1.87		
0.06		
-1.97		
-6.74		
-0.09		
-0.83		
1.35		
-2.1		
3.06		
3.53		
2.29		
-0.84		
-1.61		
1.79		
2.51		
0		
0.75		
-0.91		
0		
-1.55		
1.11		
-0.97		
9.47		
3.28		
1.84		
-2.22		
-1.62		
5.55		
-2.65		
3.09		
3.92		
4.71		
-3.96		
-6.95		
-3.99		
1.04		
-4.08		
1.92		
-5.81		
-0.81		
2.96		
-1.88		
0		
-4.19		
-0.08		
-6.19		
14.91		
-6.51		
0.4		
-0.32		
-12.06		
2.22		
2.69		
-0.24		
5.27		
-0.53		
3.44		
-3.1		
3.0		
7.5		
1.11		
6.22		
2.31		
0.73		
1.43		
-3.33		
-12.46		
-1.56		
-2.37		
4.52		
2.39		
-0.28		
-7.54		
0.18		
-3.76		
1.91		
5.03		
0.75		
-0.02		
2.65		
0.23		
-0.1		
0.58		
10.39		
-5.58		
11.99		
-1.75		
32.46		
4.14		
5.94		
0.49		
-5.84		
9.5		
1.38		
-1.21		
-5.05		
-1.63		
0		
14.46		
-7.82		
2.59		
-0.83		
7.48		
0		
3.49		
1.61		
-14.53		
-3.26		
3.59		
-1.11		
-0.32		
-0.37		
-0.47		
-5.54		
-2.51		
0.71		
0.17		
-2.5		
-0.24		
0.49		
-8.44		
0.5		
-1.08		
-0.64		
0.77		
-6.76		
-5.53		
-0.07		
6.68		
1.08		
1.86		
3.2		
-3.85		
2.54		
1.44		
-7.22		
9.45		
0.59		
1.67		
1.89		
-1.65		
-3.36		
1.91		
-7.65		
0		
-15.65		
-3.67		
-4.52		
0.9		
-0.08		
-0.23		
1.91		
-1.83		
-0.52		
0		
0.47		
2.57		
-0.9		
-4.72		
0.96		
-5.65		
0.34		
0.77		
-1.42		
6.11		
-1.08		
-5.9		
3.4		
-5.85		
3.48		
-1.97		
-1.21		
1.94		
-1.17		
-0.27		
1.05		
-0.1		
2.51		
0		
-0.06		
-0.0		
3.78		
-0.36		
-0.9		
2.55		
0.71		
0.86		
-1.67		
