1.03		
1.82		
1.41		
1.31		
-0.99		
2.2		
0.85		
5.45		
-4.4		
9.94		
3.31		
8.19		
1.87		
-0.01		
-4.78		
0.53		
0		
-1.77		
6.12		
0.18		
5.59		
1.36		
5.33		
-1.27		
4.13		
5.97		
4.45		
23.03		
-8.48		
-5.94		
7.36		
-0.65		
4.38		
-3.78		
1.38		
1.78		
1.05		
-2.54		
7.3		
4.04		
3.03		
-0.09		
-2.99		
1.37		
0		
-6.45		
-0.44		
-0.75		
14.75		
1.57		
-10.84		
-0.2		
-7.22		
-4.11		
-3.93		
3.23		
-0.69		
0.21		
-1.04		
-0.2		
-0.07		
-7.36		
-2.1		
-4.09		
4.22		
-0.44		
0.58		
13.15		
-0.66		
0.05		
0.34		
-2.23		
19.22		
0.45		
-1.16		
4.12		
2.9		
-2.46		
-3.32		
2.33		
2.65		
-0.09		
-2.62		
1.44		
-4.28		
2.79		
-1.96		
2.77		
0.81		
1.72		
1.9		
-1.24		
-2.84		
2.23		
-0.9		
3.78		
-4.66		
-2.55		
4.59		
1.48		
0.46		
2.11		
-0.89		
2.67		
2.61		
0.77		
5.81		
0.92		
0.85		
8.58		
-0.96		
-0.11		
2.93		
6.82		
-0.27		
-2.64		
-0.27		
2.5		
-0.24		
6.26		
-0.44		
1.52		
-2.11		
-2.92		
3.66		
-3.74		
6.31		
1.38		
-0.23		
8.17		
5.12		
2.97		
-1.84		
2.45		
0.87		
-0.8		
-0.63		
2.63		
5.57		
10.92		
1.77		
0.3		
-2.3		
1.18		
0.22		
-0.04		
2.99		
-3.67		
0.88		
-0.39		
0.15		
-2.6		
3.89		
-1.53		
-1.1		
-1.28		
-0.59		
0.51		
2.5		
-0.29		
-0.6		
-0.22		
3.04		
-1.84		
-1.54		
-5.26		
-2.28		
1.47		
-20.46		
1.39		
0.52		
1.45		
-1.66		
-0.99		
3.81		
2.8		
6.12		
-2.07		
0.56		
0.5		
-1.87		
-0.02		
-1.23		
3.19		
11.09		
-4.07		
-0.33		
1.45		
-3.49		
-6.46		
-2.84		
2.59		
1.91		
1.14		
1.18		
1.76		
-1.43		
-2.05		
-3.18		
-1.51		
-2.42		
0		
0.04		
-2.93		
1.34		
0.53		
0.9		
0.26		
-3.52		
1.63		
-3.98		
4.57		
2.02		
0.88		
2.46		
0.34		
-2.76		
3.32		
-3.78		
-0.74		
-3.04		
6.11		
0.19		
1.94		
0.91		
-1.37		
5.93		
-0.17		
4.68		
6.77		
6.99		
2.65		
-4.02		
-5.81		
0.97		
-1.5		
0.66		
8.31		
2.9		
-0.09		
1.27		
-2.49		
0.48		
2.87		
5.92		
-1.63		
-1.49		
0.94		
-1.03		
