-3.33		
-0.68		
4.92		
4.0		
5.52		
5.38		
2.43		
3.83		
-0.48		
1.9		
8.94		
-0.61		
0.04		
4.09		
-2.85		
3.04		
-3.75		
0.99		
10.41		
0.53		
1.08		
3.8		
4.5		
11.48		
4.1		
1.8		
3.93		
-0.43		
2.69		
4.21		
-5.4		
0.54		
-1.58		
6.39		
3.6		
1.11		
-7.83		
4.28		
-0.41		
4.79		
-1.53		
0.96		
0		
1.26		
-1.31		
-1.02		
-4.37		
2.64		
-1.63		
-0.28		
-2.48		
0.35		
8.72		
-0.4		
1.93		
-1.1		
-1.4		
-0.48		
0.92		
-1.23		
-2.76		
-1.97		
-0.91		
1.18		
-1.2		
-0.63		
4.94		
1.23		
-1.96		
0.16		
1.11		
-0.59		
0.42		
6.39		
-2.07		
-2.09		
1.55		
0.89		
-1.22		
5.54		
-0.17		
-0.3		
-0.93		
-4.48		
-5.75		
0.45		
2.31		
-0.12		
-3.26		
11.18		
-18.68		
-2.82		
-0.66		
-5.37		
0.97		
0		
3.19		
-0.23		
-7.83		
-6.52		
-6.53		
-7.37		
-7.31		
-3.24		
-4.63		
-5.84		
-0.73		
2.93		
-8.51		
-1.78		
1.02		
-5.88		
-1.22		
-1.33		
-0.71		
-6.17		
0.02		
-3.39		
-2.07		
-6.38		
-2.59		
-10.62		
5.23		
-1.61		
-0.42		
2.27		
-11.5		
-2.11		
-1.21		
-0.86		
7.55		
0.47		
-5.93		
-1.32		
-1.82		
-8.5		
-0.65		
-5.34		
1.12		
-5.47		
-7.06		
-7.59		
-5.73		
-6.05		
-0.03		
1.31		
0.03		
-7.69		
-0.21		
2.91		
3.7		
-6.13		
-8.71		
-4.45		
-8.37		
1.36		
-4.87		
-7.35		
-0.59		
1.62		
-6.26		
-5.25		
2.34		
-9.8		
8.5		
-7.85		
-10.13		
-1.72		
2.67		
-0.87		
-0.69		
-6.0		
-2.68		
-0.56		
-7.16		
-2.38		
-4.43		
7.01		
-1.39		
3.87		
2.68		
-0.24		
-1.83		
1.49		
2.64		
-2.14		
1.48		
3.03		
-1.81		
0.5		
0.4		
3.4		
-1.12		
-6.71		
-0.56		
-3.05		
-1.55		
1.99		
-1.7		
0.49		
0.76		
1.77		
-5.77		
6.63		
1.45		
-1.12		
8.28		
-0.56		
2.67		
3.74		
2.02		
1.91		
5.28		
9.73		
8.04		
-6.47		
-2.66		
5.1		
-8.94		
-3.07		
5.35		
5.02		
1.49		
1.01		
1.78		
-4.82		
-3.3		
-1.76		
-2.77		
0.34		
0.83		
3.33		
-1.54		
-2.58		
5.47		
5.03		
-7.9		
7.47		
1.21		
1.57		
1.2		
-1.79		
3.45		
-5.1		
-3.23		
-2.48		
1.33		
-4.57		
-1.81		
