2.47		
4.01		
-0.92		
7.09		
-0.11		
1.57		
0		
-9.14		
4.23		
0.73		
2.26		
-5.57		
-0.67		
-1.26		
0.08		
2.41		
-6.03		
4.63		
2.99		
2.62		
8.83		
2.05		
-2.22		
-0.03		
3.24		
-4.05		
1.17		
-0.64		
1.38		
-1.82		
0.02		
0.47		
-0.17		
0.47		
1.11		
1.57		
0		
3.19		
-3.1		
2.41		
0.21		
2.01		
1.4		
-1.94		
-2.16		
0.74		
0		
0		
-4.79		
0.81		
-1.17		
1.6		
1.14		
1.43		
6.44		
1.22		
-9.03		
0.93		
-0.73		
5.89		
-0.88		
2.92		
3.66		
-1.07		
0.39		
-4.21		
0		
0.12		
4.19		
0.05		
0.47		
0.47		
7.07		
2.0		
0		
3.51		
-4.68		
-4.81		
10.92		
-2.36		
1.16		
0.97		
9.58		
2.47		
-7.44		
-0.49		
6.03		
9.1		
8.24		
-3.27		
3.83		
4.3		
0.97		
-0.96		
-1.16		
-3.29		
-1.85		
-4.58		
-3.66		
-2.15		
-1.84		
0.99		
3.58		
-4.09		
1.53		
0		
1.47		
-3.0		
3.51		
0.44		
-12.2		
-1.8		
-1.13		
8.78		
4.65		
7.59		
-2.35		
3.47		
1.32		
1.9		
0.57		
1.45		
0.93		
-7.41		
-0.81		
0.7		
-2.4		
-3.07		
2.89		
-6.08		
0.93		
2.17		
2.24		
-0.38		
5.96		
-3.33		
-0.77		
5.06		
-12.89		
3.83		
1.01		
3.35		
2.61		
-1.45		
0.32		
-5.19		
3.59		
-4.93		
0		
4.11		
12.61		
-5.85		
-0.2		
-5.22		
7.34		
0.99		
-0.4		
-2.19		
2.52		
-11.26		
-7.29		
11.29		
0.39		
11.55		
2.12		
-1.19		
-0.12		
-2.82		
-0.54		
-1.07		
-2.28		
2.58		
-0.09		
3.08		
0.79		
1.25		
1.2		
0.65		
-0.75		
1.66		
2.56		
5.26		
-4.77		
0.69		
2.26		
4.39		
-3.99		
0.05		
2.82		
-6.24		
-0.6		
1.77		
2.29		
12.02		
5.97		
0		
-2.35		
-2.5		
0		
1.33		
-0.43		
10.47		
-2.38		
-4.16		
-0.61		
5.55		
4.23		
3.1		
-1.14		
-0.72		
-3.2		
-3.69		
0.31		
-1.21		
6.77		
-0.84		
0.02		
-0.25		
-0.94		
-7.13		
1.27		
8.87		
-1.86		
-6.7		
6.41		
1.81		
1.34		
-0.8		
0.25		
0.23		
7.23		
5.79		
-1.39		
-0.32		
2.71		
-2.08		
1.23		
1.58		
-0.13		
5.99		
3.48		
0.27		
4.13		
-0.09		
3.08		
0.03		
-0.2		
1.39		
-0.09		
