7.54		
3.35		
-0.41		
-7.93		
9.48		
-2.84		
0.14		
0		
0.65		
4.0		
0		
0.18		
-0.71		
1.99		
0.53		
-1.11		
0		
-0.88		
4.13		
8.78		
-0.26		
0		
7.0		
0.84		
8.9		
4.3		
2.54		
0.54		
2.56		
1.93		
3.41		
4.85		
1.37		
2.9		
0		
0		
2.1		
-4.21		
7.62		
0.08		
0		
1.96		
8.15		
0.05		
0.91		
-1.52		
1.02		
-3.88		
1.86		
-0.37		
1.15		
2.1		
9.87		
0.17		
0.9		
-3.54		
-4.67		
-2.12		
0		
-2.03		
1.04		
-6.44		
1.08		
-0.26		
-2.22		
0.53		
2.21		
0.46		
4.0		
-0.84		
-0.71		
4.75		
0		
8.66		
5.19		
2.05		
1.94		
1.37		
-0.17		
-2.41		
2.3		
1.2		
1.11		
0.67		
5.87		
-0.46		
-3.06		
0.38		
2.32		
1.96		
0		
4.43		
-3.78		
4.05		
-2.42		
3.6		
3.73		
1.48		
2.61		
0.89		
0.15		
1.38		
0		
-0.44		
5.48		
-1.65		
-0.33		
0.67		
0.58		
2.6		
-0.14		
-0.52		
0.75		
-0.38		
-0.47		
1.15		
2.46		
-3.03		
-4.5		
0.47		
3.02		
-2.54		
-3.09		
-0.6		
2.53		
1.56		
3.06		
4.75		
0.36		
3.59		
2.56		
3.13		
-2.15		
0.28		
1.9		
0.81		
0.13		
-5.61		
-3.32		
6.2		
4.01		
-2.53		
0.26		
2.71		
7.59		
1.57		
6.14		
2.04		
2.47		
-3.25		
0.08		
1.91		
1.88		
-1.41		
-3.15		
0.94		
1.52		
-6.5		
1.84		
0		
-2.61		
0.54		
-5.43		
5.17		
4.65		
0.87		
