3.32		
-0.36		
0		
2.55		
-1.12		
-3.68		
1.29		
-7.01		
3.88		
0.42		
-1.97		
-0.12		
-0.67		
0.6		
-1.41		
0.36		
0.26		
15.5		
7.32		
3.59		
-1.31		
0.57		
0		
2.61		
-11.62		
1.45		
-5.98		
2.48		
0.45		
-4.71		
-0.44		
8.88		
2.96		
6.41		
-1.39		
1.58		
2.98		
0.75		
4.95		
1.23		
-2.15		
7.01		
0.66		
0		
1.07		
-1.84		
-0.38		
0		
4.82		
-6.82		
5.67		
0		
0.67		
1.82		
0		
11.34		
-1.3		
-0.95		
-0.93		
0.84		
6.76		
-4.23		
0		
4.72		
-3.14		
-2.36		
0.33		
1.32		
-3.93		
1.46		
0		
8.87		
11.8		
-4.17		
6.28		
2.71		
1.51		
4.45		
-3.22		
-5.58		
3.03		
1.27		
-6.9		
0.19		
-1.68		
0.66		
2.15		
-0.34		
3.92		
1.96		
1.82		
-0.89		
5.15		
-0.35		
2.95		
0.44		
0		
1.27		
3.79		
5.49		
-0.12		
-0.19		
2.1		
4.01		
7.34		
6.77		
-0.93		
0.49		
0		
13.15		
-1.31		
1.86		
5.88		
0		
1.11		
4.64		
-5.76		
-3.14		
6.38		
0.68		
3.73		
0.64		
5.74		
-2.76		
-0.44		
0		
-1.63		
-1.57		
0.53		
2.36		
13.38		
6.93		
1.59		
-0.09		
0.49		
-0.31		
0		
-2.72		
2.64		
3.01		
0.64		
0.57		
1.45		
7.32		
2.26		
4.14		
5.49		
0.25		
4.41		
1.5		
-2.82		
-0.25		
-0.15		
4.81		
4.03		
1.21		
0		
-0.72		
-2.59		
5.56		
-2.76		
3.03		
0		
3.6		
-0.62		
4.04		
-0.71		
1.1		
0		
-1.12		
2.35		
4.65		
-2.2		
-1.43		
0		
1.96		
1.51		
-2.56		
3.49		
-0.08		
4.58		
0		
7.08		
3.08		
1.26		
-1.76		
-1.15		
-3.41		
-2.45		
1.24		
0		
0.62		
-2.1		
4.94		
2.66		
-0.21		
2.87		
0		
1.64		
3.05		
0.17		
5.51		
1.64		
0		
-0.11		
-0.89		
-1.22		
4.42		
-0.24		
0.93		
-6.45		
0.14		
-2.13		
-0.37		
-1.27		
1.66		
2.0		
0		
1.27		
2.97		
0.87		
0.35		
1.2		
0.92		
-0.89		
-0.13		
0.78		
9.3		
-1.51		
0		
-1.35		
5.55		
-3.79		
2.73		
2.32		
3.46		
-0.11		
0		
4.36		
-0.42		
3.3		
0.83		
0.44		
-2.09		
5.25		
-0.6		
-1.48		
-0.89		
4.86		
