-6.08		
-3.02		
-0.58		
-1.02		
1.1		
1.75		
-0.17		
2.58		
-1.33		
-7.57		
1.06		
2.15		
2.3		
-0.21		
8.75		
1.81		
0.32		
-4.34		
1.1		
-0.07		
-1.09		
-14.21		
1.19		
-0.67		
1.79		
-8.18		
-1.82		
-4.88		
6.44		
-3.7		
-5.99		
10.57		
5.01		
1.27		
-3.23		
0.79		
-2.9		
-0.82		
1.83		
-4.28		
5.33		
-0.4		
3.88		
3.25		
0		
-0.95		
0.42		
1.83		
-0.23		
-3.19		
0.86		
-6.38		
1.43		
-2.37		
4.85		
-5.51		
-1.32		
3.83		
-2.61		
1.61		
0.44		
2.35		
1.49		
-0.49		
-2.4		
0.65		
2.97		
0		
2.7		
4.35		
1.72		
1.41		
2.97		
-9.88		
-1.07		
-4.16		
-0.28		
-5.95		
-0.27		
1.5		
-3.0		
-0.08		
-6.5		
0		
0		
-1.71		
0		
-1.01		
-1.6		
-1.0		
2.84		
13.85		
0.65		
3.69		
-0.77		
1.56		
0.46		
5.72		
0		
0		
2.46		
0		
1.42		
2.56		
0		
1.02		
1.35		
0		
0		
-2.32		
0		
-0.57		
-1.08		
-0.88		
1.01		
0		
0		
5.2		
2.85		
0		
0		
-1.63		
2.57		
0		
4.71		
0		
0		
6.04		
3.21		
0.97		
0		
0		
0.12		
0.69		
0.88		
3.08		
0		
4.12		
0.36		
-1.59		
0.14		
0		
0		
0		
-0.78		
3.84		
0		
3.15		
-3.08		
3.04		
0.66		
0		
0		
0		
0.26		
2.93		
0		
4.89		
-2.25		
0		
-1.07		
1.75		
0		
0		
-3.17		
-1.79		
1.83		
1.45		
0		
3.31		
5.75		
0		
-1.56		
2.43		
1.09		
1.37		
-0.38		
3.92		
2.66		
3.44		
0.28		
-2.06		
1.23		
1.83		
1.78		
-0.68		
-0.89		
0.53		
0.5		
3.77		
1.92		
0		
1.0		
7.46		
-0.19		
-1.13		
-3.23		
1.53		
0.59		
0		
-0.83		
3.77		
0		
0		
0.48		
3.36		
5.42		
1.61		
-1.26		
0.68		
3.28		
-0.91		
0.1		
0		
0		
-2.82		
0.64		
1.15		
2.63		
0.9		
-1.08		
-1.34		
-0.19		
-0.99		
-0.86		
-0.43		
1.98		
-1.07		
0.23		
6.15		
-0.06		
2.19		
1.71		
0.53		
4.15		
3.49		
3.51		
7.68		
0.1		
-1.05		
-0.54		
3.52		
0		
0		
0		
2.35		
1.98		
0		
2.44		
