-9.6		
0.29		
-8.9		
-1.01		
0.63		
1.74		
-4.58		
-16.14		
0		
-2.88		
0		
-16.11		
-0.06		
0		
-20.62		
0		
0		
-13.95		
6.7		
0		
0.39		
2.67		
-0.96		
-0.89		
3.91		
-2.68		
-9.83		
-6.1		
0		
-6.44		
-2.05		
3.31		
3.4		
-13.33		
-11.48		
-1.49		
-0.76		
-8.22		
0		
-4.08		
-7.46		
-11.12		
0		
1.83		
-92.84		
-2.88		
-5.73		
2.21		
3.26		
-1.48		
-1.99		
-5.73		
0		
-2.8		
1.54		
-5.7		
-7.05		
-1.29		
-10.95		
-5.86		
-6.23		
0		
-7.7		
10.83		
-12.79		
-17.73		
-2.72		
-9.05		
0		
3.88		
-3.49		
1.77		
-4.51		
0.15		
1.71		
0.48		
-8.44		
-0.76		
-11.7		
0		
-15.72		
-1.08		
-9.19		
-4.28		
-8.13		
-10.0		
-3.0		
7.44		
-2.79		
0		
-1.68		
-0.04		
1.35		
0		
-6.98		
-5.07		
-5.91		
4.43		
-4.31		
-9.51		
-7.36		
-3.78		
-1.48		
-4.49		
5.89		
-10.32		
-1.04		
-3.1		
4.68		
1.48		
-4.62		
0.85		
-10.73		
2.05		
4.76		
2.16		
-4.98		
-0.17		
0		
-2.49		
-0.99		
-1.0		
0.56		
2.85		
0		
-6.95		
3.77		
-18.16		
-1.3		
-14.48		
-2.49		
0		
-1.95		
-3.71		
1.84		
7.39		
-5.57		
0		
0		
4.55		
-2.59		
2.87		
-7.47		
-5.68		
-3.5		
0		
-1.3		
-4.39		
-7.32		
2.22		
-1.56		
-3.36		
-13.03		
4.96		
-11.22		
0.0		
-12.13		
4.32		
-16.34		
-15.09		
-7.72		
0		
-7.39		
-0.87		
-2.21		
0		
-3.37		
0		
-8.73		
-6.13		
-1.46		
-0.98		
1.58		
-0.91		
-7.7		
-1.46		
-4.56		
-8.3		
0		
-7.39		
-2.26		
-6.93		
1.15		
0		
-0.67		
-19.8		
-6.07		
-6.31		
-4.48		
0		
-9.31		
5.12		
-1.11		
5.35		
-12.52		
-0.34		
0.52		
0		
-8.2		
-7.61		
0.8		
-3.13		
-3.25		
-2.04		
6.03		
8.32		
-6.4		
-0.91		
-2.19		
-6.26		
-4.54		
0		
0		
1.43		
-2.6		
0		
0		
0.16		
0		
-7.58		
0.94		
0		
-7.23		
-19.85		
-4.94		
0		
-3.49		
-1.53		
-9.08		
0		
0		
-3.74		
-11.12		
-5.87		
-8.86		
-0.71		
0		
6.2		
0		
0.72		
3.25		
-2.66		
1.96		
-5.87		
0		
-13.8		
-8.25		
0		
-1.6		
