-2.96		
-8.03		
-4.9		
-1.16		
0.92		
5.35		
2.85		
2.41		
-2.73		
6.27		
2.66		
1.73		
-0.33		
-2.26		
2.9		
2.25		
-15.02		
-4.57		
-0.48		
1.7		
0.65		
-1.89		
-5.11		
-9.97		
-0.13		
10.72		
-1.25		
1.8		
-0.64		
-0.74		
4.59		
5.22		
-2.69		
-1.7		
-1.02		
5.27		
2.86		
-0.69		
-0.32		
-4.38		
2.8		
0.77		
-4.91		
1.84		
1.88		
2.74		
9.79		
0.64		
0.98		
0.62		
1.69		
0.86		
2.3		
6.18		
-8.16		
7.02		
0.89		
2.06		
-10.48		
2.96		
0.02		
-2.28		
-0.89		
1.07		
4.37		
1.88		
-1.37		
0.05		
-6.66		
1.77		
-13.83		
-3.38		
6.36		
4.65		
0		
-2.7		
-11.02		
-3.58		
3.4		
0.67		
-1.97		
-4.22		
3.22		
-1.49		
-0.86		
5.68		
1.69		
0.52		
-0.49		
1.38		
4.29		
1.09		
-2.86		
3.41		
0.57		
0.84		
15.11		
-2.45		
-3.5		
0.92		
0.4		
3.28		
-4.53		
-0.02		
0.55		
0.31		
-1.55		
-1.7		
-0.18		
-1.63		
1.51		
13.72		
-0.02		
5.98		
0		
-0.39		
0		
-1.21		
-13.78		
0.53		
3.4		
4.81		
-0.29		
-0.11		
6.14		
0.19		
0		
-0.68		
5.29		
-1.09		
3.56		
0.65		
0.06		
3.62		
6.33		
-2.82		
-0.52		
-3.35		
-0.25		
4.16		
2.19		
0		
3.46		
1.9		
1.53		
1.38		
-4.69		
2.3		
-9.26		
-0.17		
4.47		
-7.18		
-4.67		
-2.18		
2.91		
2.43		
0.49		
1.51		
-0.51		
2.84		
-6.7		
0.13		
-3.19		
-0.62		
3.18		
-1.0		
0.78		
-0.23		
0		
2.64		
-1.11		
-17.93		
0.44		
-0.66		
0.8		
-4.08		
-2.31		
10.7		
-1.02		
1.68		
-3.75		
0.45		
7.57		
-2.73		
-2.79		
-5.36		
-3.26		
-8.13		
3.14		
-7.62		
-4.69		
-3.23		
-0.45		
-0.44		
-0.99		
-4.5		
2.92		
3.7		
-0.28		
0.47		
-4.92		
-3.9		
2.33		
9.03		
4.21		
5.06		
6.02		
-7.23		
-7.87		
1.95		
-0.92		
-4.59		
-4.2		
1.32		
-2.22		
0.23		
4.81		
1.89		
1.64		
-3.16		
-1.07		
0		
-7.36		
7.05		
-3.17		
-1.11		
0.85		
0.3		
-1.94		
1.57		
-0.68		
-4.48		
-3.18		
-5.92		
-0.14		
2.33		
1.43		
-0.33		
0.88		
-3.07		
-2.1		
-1.7		
-2.44		
-3.06		
-4.95		
0		
-0.17		
-6.44		
0.47		
