5.28		
4.35		
-1.9		
2.84		
2.97		
2.08		
7.06		
8.2		
-5.2		
7.15		
-6.32		
-0.22		
4.68		
3.09		
-0.34		
2.22		
5.83		
-0.95		
-3.04		
3.94		
-0.7		
2.3		
-3.98		
2.58		
1.87		
-3.04		
2.34		
-0.09		
0.29		
3.12		
0.52		
-2.71		
-3.47		
1.31		
1.82		
0.26		
1.93		
1.72		
-0.9		
-0.22		
1.86		
-2.95		
3.38		
0		
-4.24		
1.0		
1.93		
-0.69		
-4.22		
-0.62		
-7.95		
1.2		
-4.29		
-0.21		
-3.45		
-0.46		
5.21		
3.83		
-1.37		
0.68		
-1.32		
0.15		
-1.68		
0.81		
1.67		
4.14		
-1.2		
4.56		
4.09		
2.74		
7.03		
2.34		
0.66		
-0.48		
-1.66		
4.93		
-1.07		
-3.71		
4.53		
0.3		
-3.07		
0		
6.94		
-2.61		
3.79		
2.7		
3.44		
-1.48		
-6.35		
-0.36		
2.1		
4.83		
0.45		
1.34		
2.85		
-1.19		
0.94		
-0.86		
4.84		
10.2		
3.83		
1.73		
3.18		
5.86		
2.4		
2.23		
0.86		
0		
8.66		
0		
3.22		
7.87		
0.77		
1.85		
2.27		
1.28		
6.89		
9.09		
0.65		
-1.59		
3.13		
9.8		
15.45		
0.89		
-3.31		
2.4		
3.53		
0.6		
2.83		
6.17		
3.25		
8.18		
0.04		
4.35		
-1.17		
4.0		
7.68		
-0.57		
-2.01		
1.24		
3.76		
4.9		
7.02		
6.34		
-8.65		
-8.01		
-3.73		
7.45		
2.37		
-1.65		
2.43		
14.27		
-6.16		
6.76		
-3.06		
3.18		
3.61		
-2.26		
4.84		
-0.55		
0.83		
1.07		
1.41		
-1.19		
3.46		
4.98		
-1.46		
-1.96		
2.11		
3.17		
0		
1.56		
2.42		
2.34		
0.37		
-2.86		
4.65		
-0.39		
0.06		
1.49		
5.81		
1.16		
4.24		
-0.34		
-1.18		
10.98		
-2.94		
3.65		
2.14		
3.47		
7.32		
3.95		
4.53		
5.75		
6.37		
1.27		
-0.46		
2.3		
1.21		
2.48		
0.74		
4.95		
-8.87		
2.45		
5.74		
3.4		
1.71		
0.76		
0.21		
1.64		
5.51		
1.15		
6.67		
1.86		
2.63		
9.84		
5.99		
0.24		
-0.63		
4.76		
-7.38		
0.91		
7.06		
-0.34		
2.09		
1.15		
3.11		
4.82		
-3.17		
-0.78		
-6.25		
1.29		
4.68		
4.79		
0.31		
1.43		
5.55		
8.18		
5.95		
-2.71		
6.08		
3.54		
1.25		
2.05		
2.32		
2.5		
6.0		
6.32		
0		
