11.22		
1.99		
4.35		
0		
0		
-5.84		
0.99		
2.33		
9.57		
15.12		
-0.12		
-3.98		
-1.92		
15.27		
-1.44		
0		
2.37		
1.68		
5.31		
4.76		
-1.27		
6.85		
-2.87		
1.25		
0.44		
-2.28		
-1.02		
3.05		
20.72		
2.33		
0		
2.55		
4.88		
2.23		
-0.35		
-3.79		
3.06		
-3.73		
4.51		
-2.35		
2.02		
1.93		
-0.48		
-0.17		
-1.74		
-2.27		
14.55		
6.38		
-3.84		
2.83		
-1.27		
1.7		
0.72		
0		
-1.63		
2.09		
-0.46		
9.54		
-0.96		
-0.61		
2.94		
0.89		
-4.33		
-0.07		
0		
1.19		
-0.75		
2.87		
1.69		
0.59		
-3.89		
0.67		
10.66		
8.16		
7.18		
-0.2		
1.12		
28.26		
0		
3.8		
0		
4.78		
5.36		
0.21		
-3.38		
-0.72		
2.59		
-4.44		
0.05		
0		
3.73		
-1.24		
0.16		
2.79		
-1.92		
12.56		
5.44		
-0.39		
5.3		
-7.97		
3.67		
0.56		
-0.99		
2.45		
-0.87		
1.62		
6.02		
-4.55		
-5.59		
1.47		
10.38		
5.35		
-0.5		
0.12		
-1.71		
-3.41		
-1.24		
3.23		
-4.36		
-3.21		
6.81		
1.87		
2.34		
-0.0		
1.86		
4.59		
8.97		
-1.58		
1.9		
1.9		
-3.0		
-1.46		
0.23		
-1.13		
3.07		
2.69		
5.26		
4.24		
10.62		
5.25		
-5.61		
5.38		
3.86		
5.53		
-2.2		
7.44		
4.6		
-4.11		
-0.69		
0.87		
-1.27		
0.93		
0		
-4.84		
0.93		
1.51		
-0.71		
4.06		
0.29		
0.59		
-4.07		
2.8		
-3.01		
6.12		
-6.77		
-4.56		
1.18		
-4.86		
8.5		
7.67		
-2.06		
6.68		
2.79		
13.17		
2.29		
2.0		
6.25		
-2.48		
1.74		
-0.89		
0.96		
-6.85		
-2.15		
3.0		
0.7		
-2.36		
-0.82		
2.0		
6.97		
1.72		
2.55		
4.6		
4.4		
-0.12		
1.66		
3.9		
1.43		
5.12		
4.26		
8.23		
3.82		
4.82		
5.94		
-0.05		
5.54		
6.45		
4.66		
1.26		
1.65		
2.37		
9.73		
2.01		
-0.31		
10.51		
7.07		
5.95		
0.55		
6.43		
1.93		
24.14		
7.75		
10.95		
1.68		
4.58		
-0.2		
11.6		
-0.79		
4.05		
4.41		
7.45		
-2.97		
3.21		
3.99		
12.47		
12.22		
-0.65		
-0.24		
2.53		
12.0		
-9.91		
8.05		
5.46		
4.27		
1.7		
0.54		
0.12		
-2.3		
10.85		
3.93		
