5.71		
4.13		
0.2		
7.53		
4.3		
-7.62		
2.25		
-3.29		
0.29		
-1.89		
-1.86		
2.98		
-3.26		
2.17		
1.9		
-0.04		
-1.3		
-2.74		
2.7		
0.03		
4.4		
-4.29		
-1.38		
-6.46		
-1.61		
0.36		
-8.7		
-0.55		
-1.38		
4.85		
0		
-1.13		
0		
5.58		
-0.56		
-12.48		
1.43		
-2.49		
6.59		
2.44		
3.94		
4.33		
-2.52		
0		
0.69		
-1.2		
3.05		
2.05		
1.98		
-1.8		
3.1		
-0.02		
4.15		
-1.03		
0		
-2.43		
-1.03		
-7.64		
-1.63		
-9.49		
0		
2.09		
-1.0		
1.68		
-2.42		
1.31		
7.43		
0.4		
-0.04		
-0.69		
2.53		
0.66		
4.53		
1.17		
0		
5.9		
1.36		
-4.56		
3.54		
-3.8		
0.34		
-0.98		
-3.59		
4.07		
-8.36		
1.84		
-2.46		
-0.29		
2.73		
-2.29		
0.0		
0.18		
4.28		
-1.59		
1.57		
1.1		
-1.09		
3.38		
3.86		
-2.42		
-2.86		
-5.0		
1.41		
0		
2.39		
-1.57		
0.3		
-1.38		
7.66		
-1.23		
-2.26		
10.1		
1.57		
0.41		
0.72		
-2.13		
-2.6		
-1.51		
-0.77		
4.31		
-11.38		
-2.55		
-0.6		
-3.01		
-9.69		
0.33		
-3.65		
0.47		
-2.26		
-1.81		
3.23		
2.03		
21.75		
-1.62		
0.74		
-2.12		
-2.79		
0.93		
-9.04		
-4.13		
-3.74		
-18.49		
-7.57		
7.94		
8.67		
-6.37		
-3.47		
-3.42		
0.15		
-0.79		
1.72		
0.65		
-10.58		
-3.55		
1.71		
-4.66		
10.34		
0.49		
5.87		
-13.31		
-0.34		
3.47		
-6.31		
2.54		
7.9		
-0.0		
-5.85		
2.82		
-4.9		
4.78		
-3.08		
-1.05		
-3.34		
-0.97		
2.24		
2.5		
-0.28		
-3.17		
0.46		
1.19		
3.07		
0.47		
4.88		
-2.42		
-5.34		
-1.62		
-2.19		
0.96		
2.74		
0.7		
-0.22		
-2.37		
0.69		
3.63		
2.43		
0.05		
0.43		
0.11		
0.97		
2.08		
-3.5		
2.22		
1.43		
1.34		
0		
-1.89		
-5.2		
3.66		
-0.8		
1.95		
0		
1.05		
-5.15		
-3.75		
-0.71		
0.65		
4.33		
2.96		
0		
1.82		
-4.33		
-15.32		
-1.88		
-1.02		
1.06		
0.89		
-5.76		
1.09		
-5.47		
0.92		
-2.22		
0.08		
-0.61		
-0.44		
4.42		
4.73		
1.1		
0		
-0.07		
-0.07		
0.48		
0.52		
0.42		
-4.42		
-0.04		
-0.47		
4.65		
-11.77		
-4.35		
