-8.33		
-16.03		
-8.71		
-1.74		
-5.1		
-6.18		
-7.57		
-4.35		
-1.61		
-15.68		
1.5		
-0.85		
-6.3		
3.21		
-27.81		
-5.82		
-7.88		
-6.71		
-0.84		
-2.28		
-9.07		
-6.86		
-2.96		
-12.46		
-16.0		
-1.4		
-2.85		
-15.19		
-1.69		
0.17		
-1.08		
-14.45		
-0.79		
-1.81		
-3.2		
-8.93		
-7.04		
-1.53		
-4.43		
-2.88		
-3.88		
-1.68		
-7.05		
-3.16		
-4.94		
-4.38		
-1.72		
-0.23		
-5.96		
-5.8		
-5.86		
0.06		
-13.47		
-14.43		
-4.89		
-15.02		
-6.31		
-0.71		
1.75		
-6.37		
-6.56		
-3.36		
-1.26		
-2.0		
1.5		
-6.57		
2.3		
0.24		
3.51		
-4.72		
-14.36		
-0.04		
-2.63		
-19.34		
-2.46		
-1.64		
-8.63		
-7.98		
-1.76		
-10.41		
-3.35		
-1.64		
-2.72		
5.07		
0.01		
-4.64		
-4.83		
1.09		
-7.99		
-1.42		
5.61		
3.0		
0.66		
-3.14		
-3.7		
0.1		
-3.52		
-2.27		
-6.94		
-6.56		
0.77		
-7.55		
-7.31		
1.5		
-3.03		
-17.29		
-1.89		
0.25		
-2.47		
1.03		
-5.23		
-2.15		
-1.41		
-1.13		
-0.5		
-6.43		
1.24		
-13.75		
-3.4		
1.51		
7.23		
-13.38		
-0.45		
-6.34		
1.99		
-2.54		
0.99		
3.1		
0.37		
-0.56		
2.98		
-0.45		
-0.27		
4.26		
1.94		
-8.34		
-7.39		
-3.31		
0.39		
-1.11		
2.81		
6.99		
2.3		
4.7		
-15.54		
-3.69		
9.24		
-1.83		
3.57		
-3.43		
-3.86		
-9.61		
-0.82		
3.07		
0.73		
0.95		
-3.89		
-2.07		
-21.44		
-3.68		
7.31		
-8.4		
-8.59		
-0.05		
1.26		
-4.41		
0		
-7.21		
1.0		
5.38		
-5.56		
-6.08		
-5.96		
-9.2		
-2.62		
-7.35		
-10.18		
1.33		
-7.53		
-2.62		
-7.47		
3.46		
-11.34		
-1.71		
-7.07		
-8.58		
0		
-0.42		
0		
-5.78		
5.17		
-0.5		
-15.81		
0		
-2.66		
0		
-12.78		
-1.51		
2.74		
-2.97		
-15.38		
-6.55		
-2.38		
7.86		
0.01		
-13.89		
-3.39		
-3.69		
-3.25		
0		
-5.17		
-9.65		
-8.62		
-5.3		
-2.23		
-6.11		
0.93		
-11.62		
-2.4		
1.94		
-6.97		
1.26		
-6.41		
5.52		
-1.06		
-1.33		
-6.6		
0.16		
-7.91		
3.56		
-3.34		
-6.02		
-7.99		
-8.45		
-2.1		
-1.25		
0.96		
-3.69		
-8.26		
1.55		
5.9		
5.52		
-7.64		
-1.22		
-3.8		
-6.84		
-5.13		
-8.46		
-5.83		
