5.93		
4.11		
0.43		
0		
0.97		
2.34		
5.21		
-2.98		
5.3		
0.63		
5.46		
0.76		
3.36		
-0.19		
1.37		
-3.16		
-0.95		
-1.99		
2.47		
1.55		
0.78		
1.43		
1.07		
-0.21		
-4.31		
2.64		
7.34		
0		
8.2		
5.71		
-6.91		
1.64		
-1.38		
4.7		
5.34		
3.01		
-0.9		
-7.46		
2.66		
3.08		
0.26		
0.86		
0.61		
-6.09		
0.7		
2.76		
0		
2.59		
-1.07		
-0.81		
3.02		
-2.48		
3.55		
3.71		
2.25		
4.11		
-0.71		
1.39		
4.11		
3.37		
10.45		
0.28		
0		
1.85		
1.39		
2.36		
-8.81		
5.55		
0.39		
-1.27		
-2.31		
-6.65		
-2.35		
0		
1.15		
6.51		
-1.61		
-4.37		
0.86		
2.94		
-2.07		
0		
1.47		
3.42		
1.57		
0.28		
-1.76		
-7.0		
-1.76		
-5.45		
11.16		
-1.13		
-3.26		
-0.73		
0		
7.91		
-10.53		
1.39		
-0.22		
1.62		
-13.39		
0.58		
-3.64		
10.14		
-2.31		
-2.41		
0.08		
-11.47		
-1.3		
2.86		
-5.54		
-0.73		
-0.2		
-6.17		
-10.39		
2.91		
-3.3		
-5.16		
-1.51		
-3.06		
-1.49		
-2.38		
-3.72		
-12.62		
-1.49		
-8.54		
-4.35		
-5.69		
-0.4		
-4.43		
-7.23		
-5.41		
-0.4		
0.02		
3.93		
-3.23		
-0.72		
-3.57		
1.24		
-6.33		
-0.56		
-1.88		
-0.1		
-3.22		
-2.53		
-4.93		
-1.76		
-3.92		
-1.57		
-3.44		
-5.51		
-3.19		
0.02		
-0.94		
-6.92		
2.15		
-2.04		
1.21		
1.15		
5.55		
-5.01		
-9.49		
-2.49		
1.01		
-3.71		
-4.68		
7.34		
1.43		
1.66		
-0.12		
1.07		
4.06		
1.01		
2.22		
1.71		
0.86		
-4.93		
5.82		
-1.23		
0.41		
5.07		
1.06		
0.09		
1.31		
-1.5		
2.48		
-3.57		
1.71		
2.77		
0.94		
2.7		
-0.58		
-1.42		
-0.38		
3.11		
-2.1		
5.88		
1.34		
1.0		
0.56		
-2.96		
0		
1.1		
1.83		
1.3		
-6.56		
-1.28		
4.13		
-0.72		
0.79		
-1.91		
0.33		
2.5		
1.47		
3.29		
-2.84		
3.15		
0.22		
1.46		
2.48		
2.26		
-0.25		
-0.53		
3.94		
1.49		
7.53		
-2.85		
5.6		
2.88		
0.62		
-0.64		
1.25		
3.56		
-3.09		
-0.65		
1.65		
1.43		
1.44		
7.67		
5.16		
-0.65		
1.83		
-6.48		
1.57		
1.42		
2.7		
1.43		
0.34		
3.57		
