5.83		
-0.94		
1.55		
1.83		
7.94		
1.35		
1.16		
4.14		
0.92		
2.68		
-0.84		
-1.43		
1.91		
5.38		
-4.51		
2.37		
4.62		
-1.72		
-2.38		
2.91		
-0.84		
-0.43		
-1.9		
0.02		
0.65		
-2.51		
-1.46		
8.52		
5.77		
5.18		
-0.02		
0.87		
-2.83		
2.03		
1.2		
4.96		
4.66		
1.39		
2.58		
1.43		
3.7		
-3.78		
-1.31		
7.0		
1.06		
3.31		
-0.64		
1.9		
-10.42		
-3.78		
-3.07		
2.28		
-2.06		
6.88		
1.08		
0.26		
-1.75		
1.67		
1.5		
1.02		
0.23		
-2.87		
2.11		
0		
2.95		
0.36		
9.77		
1.56		
10.18		
-0.78		
1.9		
4.96		
1.97		
-1.32		
8.49		
2.63		
4.8		
1.9		
1.43		
0.72		
7.27		
8.92		
4.32		
1.86		
5.35		
6.56		
2.68		
1.19		
-1.37		
6.31		
2.28		
0		
0.97		
3.17		
-0.04		
0.63		
0.32		
6.78		
1.64		
-0.3		
1.92		
1.54		
-0.77		
-1.02		
-0.3		
2.66		
-1.51		
-3.54		
4.38		
3.79		
4.73		
3.44		
-0.07		
9.59		
0.81		
10.94		
-0.21		
0.7		
-1.22		
0.23		
3.63		
0.85		
4.22		
1.01		
4.05		
0.1		
1.15		
-0.55		
6.74		
0.7		
2.97		
-0.27		
-0.17		
0.56		
0.58		
0		
3.66		
5.85		
1.32		
0.3		
0		
1.52		
1.57		
-0.85		
3.15		
1.5		
0.21		
-0.88		
1.21		
4.47		
-2.53		
0.97		
-1.75		
0.56		
2.25		
-0.43		
0.83		
-0.94		
0		
1.42		
1.17		
2.21		
-0.49		
6.43		
6.32		
-1.2		
-0.6		
1.21		
2.41		
5.74		
-0.27		
1.83		
6.53		
5.34		
0.33		
6.91		
1.09		
1.1		
10.49		
6.46		
5.89		
-1.37		
1.52		
3.36		
0.55		
9.62		
2.2		
3.55		
1.9		
2.41		
3.99		
0		
2.28		
3.78		
-4.65		
0.81		
20.02		
4.43		
4.02		
1.16		
1.79		
0.02		
0.63		
2.46		
3.01		
-1.16		
1.97		
-1.07		
-2.26		
1.74		
-1.0		
-0.07		
3.11		
8.28		
4.73		
0		
2.05		
1.94		
2.09		
3.21		
7.05		
2.86		
2.39		
0		
-1.7		
0.31		
6.1		
2.14		
3.11		
0		
0.43		
0		
2.8		
3.02		
5.42		
1.04		
1.79		
1.49		
0.08		
5.41		
3.92		
4.16		
9.55		
3.18		
10.97		
-1.44		
1.86		
7.68		
1.5		
