1.57		
0.76		
1.48		
-0.57		
1.33		
-2.29		
-1.16		
1.11		
2.41		
-0.43		
1.43		
-0.07		
2.23		
2.21		
5.31		
1.89		
-0.01		
-1.47		
5.99		
6.1		
-2.52		
2.13		
1.4		
1.18		
-1.34		
0.59		
-0.06		
-0.04		
4.39		
-4.37		
3.07		
-0.58		
1.07		
-0.15		
0		
0.44		
-0.55		
2.37		
0.29		
1.11		
9.55		
2.73		
2.02		
-0.42		
-3.18		
12.87		
-0.88		
8.78		
4.13		
-0.84		
2.57		
0.3		
-0.82		
1.4		
2.82		
1.15		
1.14		
-0.95		
3.72		
0.33		
4.05		
15.49		
3.28		
7.14		
-1.78		
3.23		
0.44		
-3.35		
4.4		
1.54		
5.2		
4.06		
1.34		
2.08		
0.47		
-1.62		
0.17		
2.57		
2.8		
-0.35		
3.31		
2.71		
16.93		
-0.75		
5.23		
-3.76		
-0.28		
-5.8		
-2.63		
0.16		
-1.39		
1.36		
1.94		
1.57		
6.67		
2.16		
-1.07		
7.87		
2.41		
-3.25		
0.39		
1.54		
-0.68		
0		
0.59		
0.56		
-1.13		
2.69		
-2.94		
-1.09		
0		
-0.06		
3.52		
4.21		
-1.95		
2.06		
0.69		
4.05		
1.4		
-5.15		
-3.75		
1.43		
2.9		
2.08		
2.77		
-3.16		
-1.64		
3.42		
0		
1.15		
-0.15		
4.26		
0.86		
1.62		
0.37		
-1.78		
5.28		
-0.82		
4.88		
-1.01		
0.77		
2.03		
0.61		
-3.69		
0		
0.0		
1.59		
8.98		
1.97		
8.17		
-1.25		
0.55		
-0.07		
0.49		
0.81		
-1.21		
-4.64		
7.87		
-2.11		
-2.94		
-1.32		
4.15		
13.8		
-2.34		
-0.94		
1.65		
-1.33		
4.73		
-3.27		
3.67		
0.57		
-1.41		
1.24		
0.52		
2.07		
1.49		
1.44		
1.9		
-0.42		
1.33		
1.11		
3.1		
-0.23		
-5.17		
2.34		
0.83		
-3.74		
-4.86		
-4.03		
0.22		
-1.78		
4.15		
5.53		
2.88		
17.9		
-1.6		
5.6		
-1.46		
-9.71		
1.43		
7.2		
-19.43		
6.93		
3.82		
0.44		
-4.73		
-0.65		
-1.02		
4.04		
-2.65		
-4.0		
-1.16		
4.11		
-0.63		
-2.56		
0		
0.46		
-0.52		
-0.26		
-0.92		
0.9		
2.13		
-1.51		
-0.36		
-1.62		
-0.95		
0.93		
2.84		
-1.19		
0.48		
1.28		
1.71		
1.42		
-0.48		
-0.47		
-0.93		
4.99		
-2.72		
-2.01		
2.11		
7.41		
11.59		
5.27		
3.64		
1.87		
0.26		
5.95		
5.52		
-1.33		
