1.81		
1.16		
1.86		
3.0		
1.99		
-7.07		
0.23		
1.96		
3.75		
-0.24		
-0.98		
12.93		
-4.0		
2.69		
-0.11		
-5.69		
10.86		
1.23		
-3.17		
-0.88		
6.33		
2.83		
-1.86		
-0.75		
2.65		
-0.59		
11.47		
-3.57		
-1.77		
3.02		
2.26		
3.43		
3.26		
-2.87		
0.48		
0.14		
4.72		
8.57		
-2.94		
-2.39		
-0.13		
6.0		
3.08		
3.46		
-0.06		
-0.12		
7.25		
9.78		
0.32		
-0.62		
5.5		
6.81		
5.45		
-10.92		
-5.48		
-2.36		
2.13		
1.07		
11.48		
2.96		
-1.51		
-0.38		
11.36		
-3.87		
3.05		
-1.39		
1.3		
-2.2		
3.07		
-0.97		
-0.87		
-1.37		
1.54		
8.86		
0.4		
-1.54		
-0.13		
8.16		
0.75		
0		
4.62		
1.73		
-4.08		
-0.27		
-3.81		
1.07		
3.07		
1.99		
-0.77		
3.4		
2.01		
-1.76		
-2.75		
-0.11		
-0.38		
-3.81		
0.03		
-1.46		
-1.7		
3.76		
-0.15		
-0.17		
3.42		
1.32		
-2.01		
-3.41		
-5.47		
0.22		
-4.2		
2.14		
-4.06		
1.24		
1.86		
1.0		
0.61		
-1.29		
0.58		
-2.02		
2.35		
-3.21		
0.15		
1.21		
-5.26		
-3.14		
4.68		
0.31		
-2.31		
3.67		
0.32		
1.33		
0.11		
-4.1		
-0.8		
1.23		
-6.73		
-2.88		
1.48		
-0.97		
0.27		
0.58		
0.15		
-2.07		
-3.88		
1.71		
-4.43		
0.72		
-2.6		
1.6		
-0.85		
-1.04		
0.55		
0.56		
0.78		
0.54		
1.9		
2.51		
1.55		
0.66		
-4.76		
-2.71		
-0.39		
-3.45		
1.06		
0.53		
-2.81		
-1.03		
-0.42		
3.23		
3.56		
1.32		
-1.9		
-0.05		
-2.95		
-6.14		
0.88		
-2.27		
1.3		
1.36		
0		
0.64		
-2.62		
-1.19		
0.99		
0.2		
-8.24		
-1.56		
5.11		
-1.46		
0.35		
3.46		
5.88		
0.12		
-1.3		
-3.25		
0.61		
0.41		
0.77		
1.88		
1.41		
0		
-0.32		
0.14		
0.31		
0.37		
-2.26		
-2.95		
2.87		
0		
-1.22		
-1.89		
3.09		
-5.32		
4.46		
-0.9		
0.05		
7.33		
0.54		
-1.48		
-0.35		
-3.26		
0		
3.28		
0.79		
0		
0.6		
1.11		
1.95		
-2.97		
3.48		
-0.62		
-1.05		
-3.48		
1.43		
5.29		
1.38		
0.86		
-3.13		
0.84		
-0.62		
2.9		
-0.3		
-0.58		
3.64		
3.14		
1.43		
-0.5		
-1.16		
6.12		
-0.43		
