-0.67		
-2.48		
6.59		
-1.39		
0.39		
1.14		
2.05		
1.83		
0.04		
0.75		
-0.97		
0.81		
0.09		
2.98		
0.88		
-0.37		
1.17		
0.57		
1.07		
-5.01		
-1.7		
4.5		
-5.44		
0		
-0.63		
3.0		
3.59		
-6.29		
0.34		
0.38		
0		
1.98		
2.07		
5.51		
3.9		
1.87		
1.43		
0		
2.5		
-1.9		
3.97		
1.34		
5.75		
2.02		
0.47		
7.76		
2.24		
-1.88		
1.32		
2.9		
0.58		
-3.71		
7.69		
0		
0		
7.19		
-0.79		
5.51		
6.95		
-0.24		
-2.38		
0.48		
-1.66		
0		
-0.71		
-0.97		
3.5		
1.76		
2.36		
0		
2.89		
1.02		
-2.59		
1.33		
1.0		
1.45		
-2.46		
19.34		
-2.68		
1.66		
1.63		
-0.42		
-1.52		
-1.02		
0.17		
-0.55		
-0.31		
4.02		
0.53		
1.43		
4.25		
-0.71		
-1.53		
5.33		
0.03		
-1.37		
2.94		
-1.31		
-2.98		
-0.02		
-0.66		
8.64		
1.74		
-1.08		
-3.42		
-5.27		
17.96		
-0.96		
-0.17		
1.94		
1.55		
1.92		
6.9		
0		
0		
2.08		
6.77		
0		
0.52		
-0.81		
0		
-0.11		
3.35		
3.34		
-4.49		
-3.39		
0		
0		
0		
-1.52		
-4.82		
0.62		
-0.24		
-0.18		
7.77		
-0.26		
9.63		
-1.53		
7.4		
0		
0.78		
1.6		
3.13		
-1.08		
-2.4		
6.13		
-12.64		
0		
0.03		
0.85		
-0.46		
-0.66		
0.56		
0.45		
1.32		
-2.58		
0		
1.57		
-0.76		
1.28		
-3.65		
0.33		
0		
-4.7		
-0.55		
0.47		
4.34		
-2.89		
4.03		
-2.99		
0.62		
3.04		
-1.07		
5.74		
1.83		
-0.77		
1.36		
5.16		
10.53		
3.8		
-0.01		
-0.34		
0.4		
2.55		
0.38		
-3.0		
0		
12.51		
1.39		
1.93		
3.57		
0		
0		
0.75		
-0.27		
1.06		
-0.65		
-1.13		
-0.7		
8.53		
-2.34		
0		
12.25		
0.13		
-5.58		
-1.13		
3.07		
-0.6		
-0.34		
0.38		
1.57		
2.32		
-6.28		
5.43		
4.16		
-0.23		
2.02		
2.55		
0		
1.17		
10.21		
1.26		
-1.8		
0.38		
2.03		
1.11		
-6.01		
-0.25		
0.78		
1.28		
-0.52		
3.54		
-0.04		
-1.2		
1.77		
-1.69		
1.99		
0		
1.2		
-5.25		
2.25		
6.03		
2.39		
1.27		
0		
2.53		
0.27		
2.86		
-5.34		
