5.21		
2.05		
5.57		
10.75		
10.56		
7.64		
7.94		
-5.52		
2.72		
0		
3.25		
2.22		
-1.24		
4.9		
2.34		
0		
4.42		
8.76		
0		
-0.42		
4.89		
1.71		
3.98		
19.65		
-0.85		
2.51		
5.33		
4.31		
1.35		
5.3		
2.69		
7.91		
-0.5		
8.02		
0		
-1.48		
4.83		
7.14		
2.71		
0		
0		
9.63		
1.74		
18.72		
0		
14.62		
10.24		
4.32		
1.19		
-2.94		
0.41		
12.38		
6.9		
11.39		
4.61		
5.16		
0.66		
8.52		
1.62		
2.55		
-1.26		
-0.85		
9.13		
7.27		
5.29		
14.04		
5.6		
-0.47		
7.41		
0		
16.13		
-5.92		
8.4		
1.55		
0		
5.03		
7.43		
3.08		
6.8		
10.99		
17.81		
0		
9.85		
6.92		
-3.4		
7.48		
0		
-8.83		
-2.95		
-0.83		
0		
-0.83		
2.03		
-0.98		
-5.24		
-6.45		
-0.6		
0		
4.75		
0		
0		
0		
0		
9.71		
-0.11		
3.35		
0		
0		
8.2		
-3.6		
0		
-2.34		
-0.61		
-5.36		
-0.83		
0		
17.76		
3.13		
3.84		
-0.93		
0		
-0.54		
5.58		
0		
2.31		
0		
20.98		
-1.93		
0		
0		
0		
0		
-0.68		
14.42		
0		
0		
0		
2.03		
0		
2.14		
0		
-1.9		
-0.95		
0		
0		
-2.76		
0		
0		
-0.95		
-1.81		
-3.58		
-1.05		
-5.56		
0		
0		
0		
-2.09		
0		
-1.37		
0		
0		
0		
8.2		
0		
-1.08		
0		
5.38		
0.78		
4.48		
1.6		
-2.35		
-10.78		
4.83		
7.95		
5.85		
2.12		
-0.13		
8.22		
-0.34		
9.08		
3.55		
4.01		
1.26		
15.96		
-1.54		
-1.31		
-0.92		
-0.2		
0.7		
0.41		
3.56		
3.08		
0.89		
-0.5		
3.03		
4.43		
2.22		
10.5		
6.18		
2.23		
-4.35		
10.86		
1.33		
2.64		
-7.16		
-9.09		
0.48		
5.06		
0.85		
-8.28		
0.07		
2.5		
-6.38		
-1.79		
2.16		
2.76		
5.17		
1.68		
4.2		
4.28		
0.24		
2.95		
4.83		
4.69		
-3.71		
3.55		
-0.86		
4.12		
4.62		
4.84		
-0.64		
15.84		
5.3		
4.57		
7.42		
9.2		
1.54		
8.7		
7.0		
-3.01		
1.72		
-0.55		
1.88		
0.61		
0.96		
0		
0.29		
11.74		
9.72		
