0.24		
2.05		
3.11		
-3.3		
4.6		
9.2		
4.46		
-7.27		
2.81		
2.35		
12.64		
-0.05		
-1.78		
-1.34		
2.25		
0.32		
1.37		
1.24		
0.58		
-1.38		
-1.6		
0.17		
5.03		
3.31		
-0.92		
-0.35		
-1.01		
2.86		
1.62		
-2.32		
-0.44		
-1.17		
0.48		
-2.63		
-1.15		
2.01		
-0.31		
1.43		
3.39		
0.8		
7.49		
-1.81		
3.76		
1.6		
0.14		
5.96		
-3.33		
1.33		
1.22		
-5.18		
-0.15		
0		
-1.55		
5.86		
2.32		
0.88		
1.75		
-1.14		
4.62		
1.48		
-1.12		
-4.32		
-5.45		
0		
0.49		
-1.25		
-2.74		
-1.18		
-3.32		
1.47		
-2.25		
-0.79		
-0.66		
-1.77		
-0.82		
2.72		
-0.55		
3.04		
0.82		
4.92		
3.16		
6.37		
3.81		
2.24		
-1.71		
-1.78		
-0.68		
0		
-0.24		
0.04		
4.41		
-0.64		
0.61		
0		
8.22		
-0.42		
-1.38		
0.51		
-0.9		
4.92		
0.18		
5.08		
1.8		
-5.37		
-2.32		
-0.27		
10.49		
-1.97		
-2.37		
3.61		
-1.92		
-1.68		
-0.47		
1.29		
0		
6.96		
-0.25		
0.3		
-2.93		
-1.3		
-0.08		
4.01		
2.18		
0.97		
-2.9		
11.05		
-9.7		
-6.6		
2.59		
0.57		
-1.07		
-8.62		
3.45		
2.18		
-1.34		
0		
-0.07		
0.87		
-0.96		
-0.53		
0		
-6.36		
0.65		
-0.16		
1.41		
1.42		
0.29		
-4.39		
1.8		
2.61		
2.89		
-1.1		
5.81		
-1.07		
-2.2		
-0.55		
-6.52		
0.28		
-0.15		
3.7		
2.58		
-5.68		
-1.29		
-0.13		
0.96		
-0.91		
-4.21		
0		
-0.46		
2.03		
-0.29		
-9.45		
-10.53		
-0.41		
2.01		
1.36		
-4.17		
-2.27		
0.21		
-0.22		
-4.26		
-3.82		
1.69		
-1.87		
1.64		
1.49		
2.7		
2.2		
3.79		
1.21		
-0.43		
-0.89		
-0.67		
1.38		
0.76		
-2.31		
-2.79		
-0.73		
-4.36		
-1.73		
2.12		
-2.08		
1.39		
-0.52		
1.43		
-1.0		
0.89		
-0.5		
-3.2		
-6.59		
-0.59		
-0.19		
-13.64		
0.81		
0.44		
2.52		
4.5		
-1.74		
-0.64		
-1.2		
-4.75		
0.65		
-8.46		
1.89		
-1.23		
-2.48		
-2.48		
-0.65		
-3.0		
3.37		
-1.57		
-0.64		
0.5		
1.54		
-3.7		
-2.0		
0.61		
-4.6		
-0.43		
-2.49		
0		
0.4		
-4.29		
-11.59		
1.7		
2.72		
-13.05		
-0.04		
-3.04		
