-0.67		
0.31		
2.25		
3.92		
-2.05		
-2.09		
-1.79		
5.26		
2.83		
3.47		
1.61		
0.83		
0.22		
2.13		
-0.36		
1.24		
1.43		
-2.81		
-0.07		
-0.53		
-1.65		
-0.43		
1.81		
0.05		
1.55		
0.95		
2.18		
-0.62		
6.1		
0.3		
2.18		
-3.06		
5.53		
2.67		
0.77		
-2.83		
-7.11		
-0.05		
-0.95		
2.84		
-7.04		
2.4		
-2.74		
0.8		
2.18		
-0.78		
2.62		
6.07		
2.25		
3.02		
1.61		
0		
4.11		
0.65		
4.5		
0.67		
-1.71		
4.0		
0		
-5.02		
-2.12		
4.55		
7.95		
5.7		
8.5		
1.65		
-0.28		
-1.53		
0.25		
2.18		
1.99		
0		
5.99		
0		
5.3		
1.82		
2.21		
1.18		
2.7		
3.73		
-1.82		
-0.23		
0.83		
1.18		
0		
0.94		
-0.26		
3.94		
1.53		
6.25		
0.22		
-1.63		
0.86		
-0.29		
-0.38		
-0.4		
2.25		
0.92		
2.11		
1.88		
4.17		
1.99		
8.13		
-2.33		
0.59		
0.95		
3.78		
0		
-3.65		
-1.16		
-1.36		
-4.74		
0		
-0.29		
-2.92		
2.29		
1.92		
1.49		
-0.17		
2.25		
0		
2.87		
6.48		
2.88		
-2.76		
0		
-0.32		
-1.02		
-0.98		
0.27		
-1.06		
1.5		
1.94		
1.64		
2.64		
3.19		
-0.7		
1.22		
-2.88		
0		
1.33		
-0.94		
-0.09		
0		
4.28		
4.68		
0.99		
-0.1		
-0.31		
3.67		
3.15		
4.35		
0.19		
4.78		
-0.25		
-3.65		
0.59		
0		
1.85		
2.24		
0.11		
0.34		
0.98		
0		
-0.12		
-0.53		
2.77		
-0.64		
0		
2.58		
3.48		
0.07		
2.09		
2.59		
2.92		
2.45		
1.3		
22.28		
5.18		
-5.26		
4.1		
-1.75		
1.85		
0.54		
-1.12		
1.31		
-2.15		
-0.11		
-2.08		
9.15		
0.09		
0.83		
0.02		
-0.42		
3.06		
-1.41		
-7.86		
23.3		
0.54		
2.86		
3.57		
2.75		
4.53		
-6.82		
1.43		
1.34		
1.91		
0.32		
4.49		
-3.27		
2.04		
-1.52		
2.35		
0		
-0.38		
0.73		
-0.09		
2.58		
4.27		
1.3		
2.02		
-0.24		
-0.21		
3.29		
-2.54		
1.59		
3.15		
2.35		
5.49		
-1.62		
3.36		
-3.82		
-0.93		
7.83		
9.69		
2.18		
-1.17		
-1.0		
-0.13		
1.14		
1.53		
7.52		
-4.03		
0		
0.82		
-0.65		
1.06		
3.07		
-0.83		
