0.33		
1.34		
1.07		
0.25		
0.47		
-3.1		
-0.63		
-0.41		
-2.15		
0.38		
4.43		
-0.07		
3.75		
-5.6		
-0.83		
2.98		
4.56		
-2.41		
0.27		
-4.11		
-5.06		
-2.38		
4.2		
0		
1.63		
-2.0		
-2.07		
-0.87		
2.9		
3.29		
1.6		
6.17		
-2.92		
0		
0.17		
-1.75		
-1.33		
-0.22		
4.65		
1.82		
6.24		
-5.46		
-0.37		
0		
-1.92		
-7.89		
0.3		
-0.93		
-0.61		
0.1		
0.5		
2.74		
1.26		
1.6		
0		
8.81		
0.17		
0		
0.36		
0		
-3.94		
0.65		
0.21		
3.95		
2.81		
-2.4		
4.13		
1.58		
0		
0		
3.43		
2.63		
-0.24		
0.88		
1.44		
0.64		
2.99		
-0.43		
4.37		
4.48		
3.26		
0.61		
1.62		
1.04		
2.25		
-1.6		
0.07		
-1.68		
-4.06		
0.78		
-1.57		
1.32		
-1.48		
0.29		
-0.56		
-2.99		
0		
1.27		
-0.12		
1.42		
-0.43		
0.5		
3.53		
3.79		
-1.48		
-2.03		
2.5		
2.94		
1.48		
-2.19		
0.15		
1.2		
0.75		
0.33		
9.61		
0.9		
1.87		
8.92		
-0.31		
-0.54		
1.1		
0.23		
0.62		
2.95		
0.32		
-0.74		
3.89		
0.17		
-0.84		
-1.48		
-0.96		
1.14		
5.69		
-0.5		
1.32		
3.03		
0.76		
-1.39		
-3.02		
-3.55		
0.74		
1.98		
2.08		
4.11		
3.38		
4.36		
-1.06		
0.03		
3.29		
0.12		
-1.45		
3.07		
3.75		
1.13		
2.1		
0.62		
1.23		
1.93		
0.13		
3.06		
0.14		
-0.7		
4.61		
-0.48		
2.17		
0		
-2.02		
0.41		
0.43		
-0.57		
1.55		
3.42		
2.66		
-4.65		
2.24		
0		
-0.9		
-1.06		
-0.08		
-0.17		
-1.51		
-0.46		
4.72		
3.97		
2.0		
0.94		
-0.14		
0		
1.27		
4.55		
5.61		
-0.51		
-1.03		
0		
0.61		
0.13		
2.26		
3.35		
1.92		
5.68		
-0.93		
1.11		
2.07		
-2.2		
-1.6		
0		
4.53		
1.35		
0.67		
0.63		
2.86		
1.95		
0		
2.19		
0.49		
1.17		
1.57		
0.44		
2.4		
1.57		
6.56		
2.61		
0.38		
2.62		
2.06		
-0.76		
-1.91		
3.55		
7.43		
0.73		
1.54		
2.02		
0.22		
0		
-0.95		
-0.11		
3.35		
2.87		
1.4		
19.26		
1.51		
1.4		
3.63		
1.1		
1.93		
0.01		
0		
0.9		
1.11		
