0		
-6.3		
-2.07		
-0.58		
2.33		
-2.21		
0.42		
1.15		
1.41		
-0.27		
1.48		
0		
2.14		
0.02		
-0.41		
-3.09		
-0.5		
-3.78		
0.19		
-1.07		
-4.92		
-0.69		
-1.88		
0.83		
0		
0		
-8.21		
5.69		
0.94		
-1.76		
1.54		
3.27		
0		
0		
3.78		
0		
-0.73		
0		
-0.24		
0.65		
4.0		
2.59		
2.7		
0		
4.34		
0		
0		
0		
0		
0		
-0.65		
-1.67		
1.46		
-3.59		
-4.58		
-1.93		
0.48		
1.65		
0		
0		
0		
0		
0		
2.96		
3.73		
-6.37		
11.68		
2.0		
0.3		
0		
0		
-3.16		
-1.07		
8.98		
3.12		
0		
-0.02		
0		
0		
0		
-5.02		
-3.17		
0		
0		
1.01		
-3.79		
0		
0		
3.15		
0		
2.3		
-2.51		
0		
-6.37		
0		
0		
5.93		
0		
-0.43		
0		
-0.33		
-6.18		
2.11		
0		
1.43		
-5.71		
3.51		
-1.25		
1.39		
0		
0		
-8.99		
-0.93		
-0.65		
0		
-6.14		
0		
15.77		
-5.69		
0.15		
-1.53		
0		
-3.15		
-10.01		
0		
0.14		
-4.04		
-7.37		
0.58		
0.47		
2.08		
-2.18		
1.27		
-2.04		
0		
0.26		
0		
1.76		
1.51		
1.57		
-5.56		
0		
0		
-2.65		
1.89		
1.71		
0		
0		
0		
0		
0		
0		
2.43		
-7.76		
0		
-5.17		
0		
0		
0		
-3.84		
0		
0		
-1.43		
0		
0		
-5.12		
-6.81		
-0.39		
0.68		
-4.44		
-0.35		
-4.39		
1.27		
-3.36		
2.27		
-3.45		
-2.29		
8.08		
0		
-1.8		
0		
-6.12		
-2.48		
2.82		
0		
3.88		
-5.48		
0.17		
0		
-0.91		
-1.07		
-1.69		
1.12		
-0.32		
-2.05		
-6.29		
0		
0		
2.31		
-0.12		
4.97		
0.74		
-3.12		
-4.43		
0		
-9.02		
4.73		
-1.68		
0.29		
0.17		
2.34		
-0.01		
-2.05		
-8.02		
2.24		
0.52		
0		
-4.71		
-2.18		
-0.06		
0		
-2.21		
-1.07		
-0.54		
3.29		
-2.7		
-0.6		
2.95		
-2.05		
0		
-6.12		
-1.07		
0		
0		
0.56		
2.61		
0		
2.07		
-0.17		
0		
0		
0		
-1.15		
-6.13		
-5.37		
0		
-4.43		
1.18		
3.27		
