3.04		
0		
-4.53		
0		
0		
-7.64		
0		
0.17		
-2.52		
-1.3		
-0.29		
-0.87		
-0.98		
0		
0.13		
0		
0		
2.57		
-6.9		
0		
0		
0		
-7.03		
0		
-0.48		
8.27		
-2.36		
-1.78		
-3.8		
0		
0		
0		
-1.21		
0		
0		
1.48		
-2.94		
-2.43		
-2.02		
0		
-13.79		
0		
1.4		
0		
-0.23		
-1.06		
0		
-2.09		
0		
0		
0		
0		
-1.63		
0		
-5.39		
-0.52		
-3.07		
0		
0		
0		
-3.2		
0		
-1.24		
0		
-8.61		
-9.9		
-2.97		
-5.52		
0		
-1.27		
0		
0		
0		
0		
-0.83		
-5.12		
-1.07		
-1.39		
0		
0		
0		
-0.83		
-3.61		
-19.99		
5.39		
-5.21		
-7.86		
-6.51		
-5.11		
0		
0.95		
2.91		
2.25		
-5.8		
-4.22		
1.4		
-1.88		
0		
-24.8		
0		
-4.4		
11.37		
-0.16		
5.0		
-2.02		
4.42		
0		
0		
0.08		
-1.25		
6.61		
-6.47		
-10.69		
-3.8		
-2.97		
-7.86		
2.11		
0.78		
0		
0.1		
-6.13		
-0.39		
-0.85		
0		
2.01		
1.99		
-1.57		
0		
0.59		
-1.81		
-2.34		
-2.81		
-2.17		
0.44		
-12.75		
-1.91		
0		
0		
-2.56		
-1.39		
0		
1.19		
-2.83		
16.06		
-5.71		
0.24		
-1.31		
0		
2.71		
-7.07		
-2.65		
-5.73		
0		
0		
-0.83		
-0.01		
0		
0		
0		
0		
0.46		
-4.53		
-3.57		
-0.67		
3.17		
2.39		
3.57		
1.05		
3.75		
9.64		
12.89		
-1.36		
-4.68		
-11.39		
0		
-8.35		
-8.3		
5.58		
-2.05		
0		
1.02		
-7.15		
3.31		
0		
15.18		
-2.77		
3.7		
4.54		
3.3		
3.04		
1.22		
1.66		
8.37		
1.62		
-5.31		
5.58		
0		
4.93		
-0.03		
1.78		
0.97		
2.7		
2.73		
10.39		
0.07		
-6.67		
6.25		
5.11		
10.4		
3.2		
20.6		
2.08		
5.02		
12.24		
2.64		
0		
4.01		
2.36		
5.43		
-3.29		
0		
12.78		
0.09		
2.3		
-0.97		
2.07		
0.29		
-2.25		
11.06		
0.68		
4.24		
2.47		
7.91		
6.8		
1.42		
7.86		
1.41		
3.87		
-6.77		
1.2		
5.17		
5.14		
1.63		
3.65		
0.04		
0		
-0.95		
0		
0.93		
