5.91		
2.15		
0.49		
2.28		
0.36		
-0.4		
5.38		
1.12		
6.69		
6.16		
-1.16		
-3.2		
4.28		
1.17		
0.7		
1.0		
-0.3		
7.19		
-0.71		
5.42		
4.79		
-1.39		
7.94		
-0.65		
-4.45		
0		
3.52		
-6.44		
4.64		
0.56		
1.49		
0.88		
3.39		
2.9		
-0.12		
4.71		
-0.47		
3.59		
2.77		
-0.98		
0.04		
1.69		
-2.38		
5.52		
6.09		
0.21		
1.73		
4.23		
-2.99		
0.55		
-14.66		
0.44		
-3.0		
3.15		
-1.36		
2.67		
0.11		
0.58		
13.46		
2.47		
6.49		
2.98		
14.53		
-0.58		
-1.74		
1.32		
2.66		
3.18		
-2.35		
4.35		
3.31		
0.91		
3.87		
-1.88		
-1.81		
2.92		
-2.74		
2.1		
0.91		
1.65		
3.6		
5.35		
-5.18		
0.76		
4.02		
2.41		
5.39		
-2.71		
6.45		
-2.59		
-3.04		
1.43		
4.37		
0		
0		
1.29		
3.57		
-3.1		
3.18		
-0.66		
0.6		
3.14		
-2.48		
10.48		
2.89		
3.71		
3.78		
3.49		
7.4		
2.5		
3.53		
-1.44		
4.98		
-0.85		
7.55		
0.9		
7.56		
-1.26		
1.43		
1.72		
-0.52		
16.85		
2.66		
1.43		
-0.73		
1.6		
2.52		
3.31		
0		
0.48		
-0.81		
1.92		
10.81		
-4.77		
1.43		
3.66		
7.95		
-10.16		
-9.23		
-0.38		
-2.06		
-2.44		
-1.32		
-0.03		
0		
2.32		
2.86		
0.56		
7.19		
13.44		
0.52		
1.27		
3.66		
-0.14		
0.68		
4.35		
-4.74		
-1.33		
3.85		
4.56		
2.62		
2.88		
2.73		
1.43		
2.58		
3.3		
1.47		
-0.25		
4.52		
-2.25		
0		
3.35		
3.77		
3.07		
-0.57		
0.31		
1.25		
0		
1.37		
3.03		
-0.05		
1.7		
4.31		
2.21		
-0.16		
3.35		
0		
2.18		
1.52		
-0.32		
5.18		
3.78		
3.63		
3.66		
2.81		
-1.59		
1.94		
0.01		
0.39		
0.5		
5.4		
5.39		
2.88		
0.85		
0.39		
5.69		
-0.94		
2.94		
5.91		
1.6		
2.47		
0.94		
-0.62		
2.91		
6.25		
2.24		
2.99		
5.96		
1.5		
0		
1.11		
7.2		
-5.84		
3.1		
1.35		
0.51		
-0.49		
-0.67		
-1.25		
3.57		
11.9		
-1.37		
3.7		
3.06		
-1.49		
-1.3		
8.18		
2.34		
3.51		
1.03		
10.33		
3.19		
1.85		
5.31		
2.6		
4.19		
0		
2.04		
1.93		
