0.48		
2.7		
5.97		
1.26		
-0.36		
3.14		
5.62		
0.44		
-2.99		
1.61		
-0.8		
-2.85		
-4.48		
1.09		
4.43		
1.82		
1.22		
-3.68		
-13.68		
-1.91		
4.4		
-4.37		
-0.52		
2.3		
9.7		
-6.48		
2.12		
-2.21		
0.05		
6.36		
6.83		
-0.9		
-1.75		
6.34		
-5.34		
8.24		
-3.01		
3.23		
2.0		
3.01		
-4.66		
-2.52		
5.08		
-0.43		
2.58		
-0.15		
0.24		
4.42		
4.57		
6.57		
-3.72		
-3.55		
-3.11		
4.46		
2.48		
-0.79		
-1.63		
0.82		
2.33		
0		
3.53		
3.11		
-3.57		
0.1		
3.6		
1.72		
2.32		
-5.46		
2.17		
-2.02		
0		
-1.99		
1.2		
-2.84		
-1.14		
-1.06		
3.19		
-1.77		
1.49		
-5.23		
-3.54		
0.52		
-0.17		
0		
-3.31		
0		
3.93		
-4.08		
-2.45		
0		
6.3		
0		
1.6		
-0.52		
-17.78		
0		
0		
2.73		
4.13		
3.37		
-1.67		
-8.47		
2.25		
3.59		
-0.61		
5.18		
1.1		
0		
-0.35		
-4.45		
0.48		
-4.53		
0.52		
0.52		
-14.75		
2.08		
-5.55		
10.01		
2.58		
-4.12		
2.13		
0		
1.27		
1.56		
0		
-6.59		
1.03		
0		
-0.68		
-5.92		
0		
1.39		
-0.58		
1.92		
-1.73		
0		
3.23		
-4.1		
-4.34		
-3.54		
1.28		
1.74		
4.32		
-0.81		
0		
3.18		
0		
0		
2.74		
0.19		
1.31		
0.64		
-1.16		
-0.01		
4.06		
2.02		
-5.91		
-2.47		
5.38		
0.6		
-7.31		
0.75		
-2.25		
2.41		
-7.1		
-3.01		
