-1.55		
-3.17		
0		
2.0		
-0.19		
0.92		
2.99		
1.43		
0		
2.63		
1.49		
4.65		
1.11		
-3.24		
2.01		
0.67		
0.23		
4.07		
-0.87		
3.25		
1.21		
-0.8		
-2.68		
1.75		
-0.54		
-5.96		
-1.66		
-4.35		
0.16		
5.85		
0		
-2.23		
4.33		
0.77		
-3.16		
1.45		
-1.9		
-6.26		
1.18		
-1.97		
1.43		
0.63		
0.71		
1.67		
3.2		
1.61		
2.11		
-3.78		
0.1		
0.39		
0.57		
1.47		
1.43		
-0.94		
-1.46		
3.77		
-2.19		
9.41		
0.27		
-1.21		
-0.05		
2.72		
-3.19		
-6.53		
-3.41		
1.71		
3.04		
2.18		
0		
2.86		
-2.03		
8.79		
-0.9		
-2.21		
8.59		
3.22		
6.22		
3.7		
-0.18		
4.44		
-0.49		
1.5		
3.9		
-0.19		
0.02		
-0.5		
2.47		
3.84		
-6.19		
-0.84		
1.8		
1.69		
3.1		
1.11		
-5.98		
0.24		
4.39		
-0.16		
-6.58		
1.43		
0.7		
-6.92		
0.96		
3.18		
0.84		
2.01		
3.47		
1.43		
0		
-6.01		
-2.53		
1.62		
2.97		
-1.34		
-1.81		
5.11		
6.36		
-11.63		
2.77		
0.36		
-2.52		
-0.04		
0.5		
-2.45		
4.88		
2.7		
0.58		
0		
-4.76		
0.88		
0.45		
1.01		
0		
-12.9		
1.61		
-0.71		
0.42		
-0.84		
2.24		
-5.88		
2.68		
0.75		
0.5		
0		
-0.38		
3.22		
0.59		
1.3		
-0.83		
0.76		
2.09		
4.58		
0.81		
0.25		
-1.98		
4.07		
1.04		
3.06		
1.94		
2.09		
-1.94		
1.9		
1.83		
0		
0		
1.64		
4.22		
0.59		
3.98		
0.37		
4.38		
2.17		
0.35		
0.37		
0.43		
2.13		
1.79		
2.7		
-7.56		
-1.87		
1.33		
0.97		
-0.2		
4.64		
2.07		
-2.76		
0.11		
-1.06		
2.06		
1.43		
13.1		
1.92		
6.31		
1.9		
1.68		
0.68		
-0.72		
0		
-0.06		
-2.86		
-0.31		
1.25		
-2.45		
3.68		
1.83		
4.6		
1.7		
3.06		
-2.97		
-2.37		
1.21		
3.09		
-3.22		
-1.36		
3.38		
2.07		
-1.19		
-1.09		
-0.53		
3.16		
3.14		
1.1		
-2.1		
5.81		
-0.96		
3.59		
16.29		
-1.56		
2.62		
-5.29		
-0.25		
3.08		
3.97		
2.68		
0.63		
0		
-0.3		
-2.96		
5.4		
-1.7		
1.59		
3.1		
-2.48		
1.57		
0.5		
0.24		
-1.55		
2.32		
3.03		
