-2.28		
-6.33		
-2.69		
5.34		
-1.73		
-7.18		
4.34		
-3.9		
12.1		
11.13		
-13.6		
-4.55		
3.13		
-11.9		
9.46		
2.78		
3.65		
1.0		
9.05		
7.19		
4.08		
-9.75		
-14.11		
6.63		
-13.83		
0.22		
0.79		
-5.81		
3.41		
0.13		
-2.82		
4.62		
-9.36		
-9.45		
-7.53		
-4.97		
-7.48		
7.96		
-4.52		
0.08		
-4.1		
5.62		
2.23		
-8.07		
0.14		
-11.44		
-5.03		
-10.68		
-3.42		
2.63		
0.45		
5.32		
-2.15		
-17.85		
3.89		
2.86		
-6.44		
8.47		
-1.78		
7.67		
5.84		
-0.05		
3.58		
3.67		
-0.3		
-2.8		
-2.47		
-2.54		
5.29		
-2.23		
-10.37		
6.79		
5.79		
6.67		
-2.59		
-0.55		
-0.9		
-7.1		
-1.59		
0.36		
-0.91		
-7.11		
-6.51		
-1.24		
5.43		
-7.08		
5.3		
1.25		
-3.76		
-0.32		
-3.42		
-8.15		
0.49		
-2.16		
2.32		
7.15		
1.58		
5.77		
-11.53		
5.69		
-5.41		
4.42		
2.52		
0.56		
-6.13		
1.21		
-3.97		
4.21		
6.92		
0.31		
-0.67		
6.53		
6.91		
-6.27		
6.73		
-0.4		
1.98		
4.09		
1.73		
5.56		
3.69		
-2.66		
-0.91		
1.24		
-7.59		
-2.46		
9.14		
3.9		
4.32		
8.4		
1.78		
-6.46		
-5.99		
1.82		
3.95		
-6.31		
1.64		
0.93		
0.63		
-1.87		
-0.76		
-2.62		
6.21		
-9.53		
-4.47		
1.42		
-4.32		
2.61		
6.89		
1.23		
3.12		
-3.14		
4.53		
8.56		
-1.93		
-10.82		
-0.52		
-8.14		
-5.34		
-5.49		
6.83		
2.74		
-2.05		
-1.94		
5.65		
0.82		
1.92		
0.73		
-0.36		
-6.0		
-1.99		
-0.35		
-2.31		
-15.12		
-2.99		
-11.81		
2.67		
2.18		
-5.47		
-0.55		
4.4		
3.38		
3.53		
-2.05		
-20.48		
-0.69		
-3.37		
1.46		
-5.73		
-18.9		
-10.25		
-16.09		
-9.91		
-10.36		
3.93		
-6.99		
-6.77		
-1.56		
-0.23		
-7.93		
-9.49		
-9.72		
-2.02		
1.55		
-6.43		
-11.7		
-6.35		
-11.45		
-2.14		
1.34		
-0.31		
-9.88		
-3.7		
-16.84		
-14.12		
-5.63		
-9.32		
-5.52		
-4.41		
0.24		
-4.58		
-1.9		
-3.08		
-16.39		
-7.23		
-4.43		
-2.92		
-2.25		
1.62		
0.82		
-1.15		
-15.01		
-4.86		
-3.47		
2.8		
-2.34		
5.91		
-7.38		
-9.45		
-1.0		
-0.11		
-4.9		
10.26		
-10.68		
-22.53		
-2.54		
-12.79		
-1.13		
-7.48		
