-1.57		
-0.46		
-3.18		
2.38		
-2.59		
0.04		
-6.85		
-0.86		
0.36		
-2.11		
-0.6		
1.12		
-5.85		
1.12		
-5.37		
0.18		
-0.26		
-7.67		
-2.4		
9.34		
-6.73		
-0.11		
1.1		
-5.41		
-5.8		
-4.58		
6.47		
0		
-6.63		
-4.42		
1.25		
0.32		
-0.91		
0.8		
-1.83		
1.6		
0.97		
-1.35		
0.02		
0.54		
0		
-0.74		
1.41		
0.55		
-0.89		
-0.39		
0.8		
0.81		
-1.51		
-0.39		
2.49		
0		
0.75		
0.4		
0		
-2.14		
-0.72		
2.86		
0.16		
-0.49		
-7.61		
-0.5		
0.0		
0		
5.57		
-4.8		
-1.37		
-0.34		
-0.31		
-1.97		
0.23		
1.12		
-6.66		
-1.03		
-1.02		
0.37		
1.45		
-1.69		
5.05		
-0.78		
-2.34		
0.35		
2.93		
0.29		
0		
1.5		
1.43		
0.65		
-1.57		
-0.8		
2.5		
3.1		
0		
3.44		
-0.16		
-3.75		
2.39		
-0.05		
2.79		
6.28		
7.63		
5.32		
7.05		
-2.76		
3.78		
4.7		
2.17		
-0.02		
1.29		
1.3		
6.33		
-0.74		
1.05		
1.41		
-2.31		
4.25		
5.84		
4.21		
-0.69		
3.17		
-1.16		
2.81		
1.85		
2.14		
1.96		
3.88		
-2.14		
1.57		
0		
4.73		
1.93		
-0.27		
4.5		
-0.78		
3.38		
7.53		
-0.06		
0.6		
-1.17		
0.91		
1.36		
0.52		
0		
-4.59		
6.72		
-0.69		
10.1		
1.87		
6.57		
5.92		
-3.31		
-2.79		
1.2		
21.34		
8.57		
-0.67		
0		
4.8		
3.35		
0.85		
1.91		
0.08		
8.55		
10.21		
2.77		
2.49		
5.14		
0.36		
-2.41		
6.02		
-7.8		
-5.55		
-1.55		
-5.76		
2.19		
2.32		
8.44		
1.61		
-1.22		
0.82		
-2.26		
4.61		
-7.98		
-3.55		
-0.04		
-0.21		
5.38		
0		
3.76		
0.58		
4.23		
0.44		
0.61		
-1.94		
3.3		
4.71		
0.39		
-0.34		
0.25		
3.4		
-10.29		
-0.6		
6.72		
-0.21		
-2.32		
-0.91		
3.52		
-0.9		
2.05		
-0.11		
-0.95		
-3.62		
4.16		
-0.07		
-8.11		
1.77		
-7.27		
-5.13		
-1.65		
1.4		
-0.03		
-1.09		
3.09		
6.09		
2.3		
3.36		
1.42		
1.43		
2.46		
4.28		
5.09		
1.16		
4.56		
0.95		
1.16		
1.43		
-0.86		
4.98		
4.23		
3.62		
0.43		
-0.32		
-2.46		
4.08		
-0.22		
0.97		
0.37		
0		
-1.52		
