-4.11		
-12.46		
-8.12		
0.04		
-2.41		
-2.03		
-5.26		
2.61		
0		
-38.02		
-0.39		
-3.48		
-27.65		
-3.28		
-0.51		
-1.37		
0		
0		
-1.29		
-5.71		
-14.81		
0		
2.45		
-9.26		
-4.05		
-18.93		
-5.39		
-1.89		
0		
-3.18		
0		
-0.98		
0		
-5.35		
-2.37		
-7.41		
0		
-13.63		
0		
-1.27		
-7.62		
2.51		
-4.32		
-2.98		
-1.76		
6.07		
-9.95		
-1.89		
1.87		
-1.26		
-18.41		
-1.46		
3.62		
0		
0		
-2.63		
0		
-7.38		
-3.48		
-10.89		
0		
-5.76		
-3.38		
0		
-3.33		
-2.06		
-16.61		
-1.37		
-6.34		
-1.9		
1.09		
1.85		
-7.19		
-15.6		
15.89		
-0.48		
-5.32		
0.37		
-5.81		
-3.24		
-4.24		
0		
-7.88		
-7.67		
-2.3		
-1.49		
-1.58		
-5.98		
-7.53		
-0.21		
-12.26		
-9.34		
-5.84		
-5.38		
-5.98		
-5.8		
-7.56		
-57.56		
-3.53		
0		
2.95		
3.31		
0.97		
-3.09		
-13.16		
0		
3.1		
-0.82		
-25.88		
-13.79		
-3.18		
2.42		
-5.39		
-5.99		
-3.3		
-4.04		
-2.91		
-0.38		
0.86		
-1.96		
-15.96		
-14.43		
3.9		
0.46		
-11.19		
0.65		
-6.1		
-24.3		
-8.12		
-9.5		
-31.96		
2.39		
-2.88		
-14.41		
0.55		
3.85		
-3.21		
-1.22		
-1.41		
-7.35		
-5.17		
-1.29		
-2.54		
-8.29		
-2.2		
-2.0		
-6.16		
-20.54		
-7.5		
1.62		
-0.41		
-9.04		
6.21		
-16.5		
-12.94		
0.72		
-51.56		
16.56		
1.29		
-11.72		
-0.38		
0		
0.58		
3.73		
-7.27		
-11.86		
3.07		
-14.34		
0.44		
-0.72		
-1.29		
4.62		
0.16		
-6.33		
-0.89		
-4.44		
3.78		
-3.21		
-7.44		
-10.23		
-2.56		
-11.52		
-11.02		
-0.25		
-9.27		
-4.12		
-14.76		
-5.49		
-18.01		
-2.41		
-11.68		
-17.49		
-6.74		
-13.24		
-9.61		
-6.04		
1.07		
-9.3		
-6.25		
2.13		
-15.88		
-3.36		
-14.67		
-15.37		
-6.77		
-7.09		
-2.61		
4.47		
-3.63		
-9.89		
1.99		
-1.56		
-7.5		
-19.72		
-0.44		
-5.83		
-6.68		
-9.83		
0.58		
-6.44		
-10.46		
-0.35		
-6.26		
-4.04		
-3.92		
-4.65		
1.84		
-6.19		
7.13		
-6.52		
4.14		
-11.75		
-10.77		
3.16		
-3.44		
5.15		
-7.27		
-12.54		
-4.14		
-9.18		
1.74		
9.66		
-5.6		
-33.12		
-10.31		
-4.38		
-14.92		
-7.39		
-6.41		
