0.28		
-4.6		
-0.36		
2.24		
-2.15		
2.39		
-0.01		
5.03		
-0.75		
-4.82		
3.44		
-4.02		
0		
8.84		
-0.77		
-5.58		
-2.63		
-0.15		
2.05		
-1.93		
0		
-0.19		
2.24		
10.34		
2.58		
1.9		
-0.5		
5.17		
-0.14		
-0.27		
-3.91		
-0.24		
1.76		
11.14		
-1.19		
3.3		
0		
0.73		
0		
3.48		
-1.06		
4.57		
-1.72		
-4.67		
2.82		
-1.64		
1.04		
0.99		
5.36		
1.82		
-1.16		
5.1		
6.06		
8.21		
1.2		
-2.03		
-1.95		
6.72		
2.69		
-0.83		
2.33		
-0.32		
-1.48		
4.9		
1.6		
0.84		
1.43		
-0.08		
-4.7		
3.5		
2.77		
2.61		
-16.29		
-0.94		
1.07		
0.12		
1.76		
4.25		
0.86		
8.28		
0.67		
0.11		
0.46		
2.92		
-2.27		
-0.98		
0.57		
11.06		
3.21		
-1.18		
8.0		
1.34		
2.74		
13.23		
-6.9		
6.75		
1.52		
2.03		
-12.65		
4.26		
-0.98		
0.96		
5.81		
1.67		
-1.95		
9.37		
0		
-0.81		
-1.4		
-2.0		
4.48		
-0.1		
6.9		
7.8		
1.14		
-4.12		
-5.2		
2.0		
4.41		
0.61		
-1.75		
1.74		
2.25		
1.72		
8.99		
0		
3.33		
-1.5		
1.49		
-3.13		
1.35		
1.28		
-1.91		
-1.16		
-1.28		
-6.35		
2.57		
0		
0.98		
2.18		
3.1		
10.07		
-7.16		
-2.67		
6.59		
-3.53		
1.15		
-0.53		
8.75		
-0.19		
1.32		
1.89		
-2.61		
0.89		
-0.84		
-6.19		
-0.94		
10.14		
-0.6		
0.96		
1.91		
-5.22		
-5.92		
4.31		
2.79		
7.57		
2.85		
3.35		
0.7		
8.72		
-3.01		
7.69		
-0.29		
5.92		
1.42		
6.77		
-0.6		
0		
2.86		
-0.29		
9.13		
5.61		
1.12		
-3.72		
0		
2.1		
0		
-0.36		
5.68		
0		
-4.66		
2.78		
-0.25		
0		
5.53		
2.34		
-8.1		
-0.87		
2.83		
5.89		
-3.21		
2.81		
5.76		
-5.89		
1.17		
-3.59		
5.59		
3.16		
6.5		
-2.61		
3.03		
7.93		
-0.05		
3.02		
-1.41		
-0.72		
0.09		
1.87		
1.64		
1.85		
2.83		
0.72		
4.04		
1.51		
-0.91		
0.47		
2.48		
1.43		
0.56		
-3.82		
-1.1		
0.47		
3.29		
1.25		
0.92		
0.85		
0.76		
-0.48		
0.48		
0.7		
9.98		
-0.91		
0.23		
2.54		
2.42		
0.59		
4.16		
5.26		
5.23		
