-6.23		
-4.9		
-3.68		
5.02		
-13.17		
-1.76		
-3.66		
0		
-4.43		
-13.46		
-7.63		
0.49		
-1.62		
1.03		
4.7		
-6.19		
12.21		
-1.16		
1.08		
4.16		
0		
-3.19		
-2.44		
6.93		
2.06		
-0.1		
-2.64		
-1.29		
-1.14		
-0.28		
0		
-1.67		
1.71		
-2.94		
-1.32		
0		
-4.4		
-13.91		
-0.94		
-1.82		
-6.07		
1.45		
0		
2.71		
20.42		
10.07		
1.81		
-1.13		
7.45		
0		
-1.0		
0.74		
0.93		
-7.76		
-5.91		
-5.76		
3.9		
8.66		
-3.1		
0.87		
-1.9		
3.07		
-0.89		
-1.62		
1.69		
-15.92		
-2.48		
5.21		
-2.43		
5.28		
-0.98		
-2.26		
-1.23		
-4.61		
0.61		
-3.11		
2.95		
-0.82		
0		
0		
-4.56		
-3.16		
-3.27		
-6.02		
-3.64		
-0.16		
0.65		
-6.0		
-4.94		
-2.65		
8.12		
-5.65		
-8.3		
-28.84		
5.48		
4.1		
-0.14		
-5.05		
-6.0		
-6.48		
-5.72		
0.39		
-5.31		
7.44		
6.85		
-1.58		
8.06		
-10.63		
0		
3.66		
-1.32		
-5.33		
-18.54		
1.91		
-2.12		
-9.14		
4.16		
0		
1.05		
-2.46		
-24.59		
-3.02		
-5.81		
-13.64		
3.98		
-8.6		
15.33		
-2.08		
-5.91		
-4.72		
2.32		
-1.82		
7.49		
-22.16		
4.67		
0.98		
14.03		
-9.57		
0.59		
-4.95		
9.97		
1.88		
-8.49		
0		
-0.68		
1.88		
-1.21		
-19.65		
-0.09		
0.79		
-4.13		
0		
9.64		
-18.72		
8.44		
5.84		
1.18		
7.92		
5.21		
-6.18		
-1.76		
-0.51		
-0.79		
10.39		
14.66		
7.12		
-5.83		
-13.25		
0.31		
3.79		
7.4		
2.09		
-6.34		
-4.65		
-0.69		
-4.41		
0.82		
-3.19		
4.87		
-15.0		
-0.49		
2.09		
6.37		
-10.16		
0		
-15.67		
-8.96		
0.96		
1.59		
5.29		
-0.24		
6.35		
-5.03		
-4.28		
-4.71		
0.37		
-12.83		
-9.24		
-1.9		
-2.47		
-1.0		
-2.09		
-0.8		
1.59		
-3.05		
16.26		
-0.11		
2.64		
-2.9		
-1.63		
4.94		
-4.11		
-8.86		
-0.84		
12.38		
5.71		
0.14		
1.28		
-4.66		
2.74		
2.33		
-4.09		
0.16		
6.53		
-12.72		
7.78		
2.81		
-2.2		
-10.93		
6.2		
-0.78		
5.94		
-3.89		
-3.72		
1.02		
1.24		
-0.99		
1.12		
1.69		
6.23		
-11.07		
-8.08		
2.26		
-2.9		
1.87		
1.33		
-4.54		
-1.03		
0.78		
