-9.59		
0		
1.57		
0.81		
-1.97		
0		
0		
-1.62		
2.45		
4.45		
-6.98		
2.01		
3.0		
-0.37		
-1.09		
1.65		
1.92		
3.1		
0.43		
-1.47		
-4.22		
0.71		
1.67		
-1.02		
1.64		
3.64		
0		
1.09		
1.09		
-1.92		
0.68		
0.58		
2.06		
-2.66		
-7.21		
0.55		
2.76		
-5.3		
0.18		
-0.4		
-0.42		
-1.93		
-2.17		
-2.75		
9.76		
-0.27		
0.77		
-1.99		
0.75		
-1.08		
-3.71		
1.86		
-3.19		
3.32		
2.75		
-2.06		
0.49		
-1.22		
3.99		
0.06		
-2.46		
5.6		
4.11		
0.55		
-3.35		
-2.02		
-3.89		
-0.21		
-0.68		
1.11		
1.48		
-0.5		
-1.62		
1.15		
1.66		
-3.45		
-2.58		
-2.28		
-1.43		
7.27		
-0.77		
-2.13		
-1.77		
-1.37		
-0.18		
7.92		
-1.28		
4.51		
-0.39		
-3.64		
-1.72		
0.17		
0		
7.51		
-15.73		
-0.76		
-2.99		
-2.8		
1.56		
3.6		
6.37		
9.62		
-1.25		
-0.47		
1.44		
-3.18		
3.17		
4.91		
6.64		
-0.3		
-6.22		
-1.88		
1.17		
0		
0.98		
0.51		
-3.56		
0.62		
-1.07		
2.3		
2.23		
3.54		
-1.11		
-2.87		
0		
-2.15		
0.47		
-0.32		
-0.28		
6.93		
-2.23		
-1.49		
-0.57		
1.89		
-0.99		
0.28		
-0.16		
-4.46		
-0.21		
2.56		
-0.09		
-2.22		
1.14		
4.6		
-0.88		
-2.45		
-3.27		
1.41		
0.13		
-3.8		
0.41		
1.31		
-2.72		
-1.44		
-0.44		
0.39		
4.43		
3.49		
3.7		
0.66		
7.1		
0.48		
-6.63		
-0.27		
-2.64		
-0.06		
2.37		
-1.72		
2.07		
4.93		
-1.94		
-1.23		
-3.98		
3.29		
-0.2		
-1.87		
-3.45		
2.36		
-0.57		
-0.47		
-2.52		
0.86		
-5.42		
4.14		
-2.28		
1.54		
0.28		
-1.17		
4.95		
-3.22		
1.27		
-0.73		
0.83		
-8.06		
-1.2		
0.9		
0		
-0.68		
-0.23		
1.04		
1.92		
-2.8		
1.83		
1.7		
-1.68		
-0.48		
0.11		
-0.14		
0		
0.46		
0		
-2.39		
-6.08		
1.78		
-2.56		
0.94		
-6.07		
-2.67		
2.43		
0		
8.33		
2.19		
-3.82		
2.67		
0.14		
0.28		
0.75		
-5.22		
-0.29		
1.42		
-4.29		
1.17		
-0.5		
-0.06		
-0.15		
1.2		
1.15		
4.85		
-0.87		
2.7		
-1.84		
0.33		
-4.72		
2.41		
0.26		
-1.13		
1.42		
-0.24		
-5.35		
