0.52		
0.73		
0.61		
-7.62		
2.0		
-0.46		
-6.62		
4.77		
0		
2.28		
1.39		
0.96		
0.62		
3.32		
1.46		
2.87		
-2.65		
5.33		
8.54		
4.86		
4.3		
-1.44		
2.06		
4.04		
10.06		
3.39		
-1.37		
3.36		
-0.02		
0.38		
1.98		
-4.31		
2.19		
0.05		
1.04		
1.62		
2.17		
-2.14		
1.9		
-4.56		
-5.12		
1.51		
5.16		
0.53		
0.97		
-0.12		
0		
-3.48		
5.02		
3.89		
0.07		
2.03		
-0.98		
1.31		
1.83		
-0.14		
0.41		
0		
7.26		
4.78		
4.46		
2.03		
-0.68		
0.44		
5.14		
0.52		
-1.27		
-0.75		
0.36		
1.43		
-3.67		
0.69		
-1.07		
0.45		
5.31		
2.32		
1.49		
4.38		
7.54		
7.44		
0.66		
0.15		
4.02		
7.93		
-3.41		
3.69		
1.98		
2.69		
-0.39		
1.63		
12.88		
2.83		
0.51		
2.07		
-0.44		
10.78		
-1.38		
2.52		
2.98		
1.12		
0.64		
7.06		
8.76		
-1.18		
-1.34		
-2.36		
2.37		
0.42		
2.84		
-0.78		
1.23		
-0.97		
0.62		
3.09		
-2.66		
-1.07		
1.58		
1.87		
2.05		
1.8		
7.09		
6.26		
1.87		
1.77		
2.71		
7.92		
-1.86		
8.42		
5.91		
-0.66		
-3.45		
0		
-4.11		
0.07		
10.21		
2.02		
5.84		
3.68		
5.96		
-2.49		
5.7		
-0.42		
0.23		
5.38		
-0.66		
0.75		
4.76		
2.84		
1.95		
-0.84		
0.91		
1.37		
3.95		
3.46		
0.87		
3.65		
3.36		
2.38		
4.84		
0.57		
2.47		
-1.05		
6.81		
4.55		
-0.36		
9.94		
4.88		
1.6		
0.03		
-0.68		
2.63		
1.57		
2.5		
-2.08		
6.14		
-0.34		
3.21		
5.8		
3.59		
4.92		
0.72		
-0.06		
0.21		
-4.64		
-0.57		
-0.81		
5.68		
2.57		
-0.04		
-0.97		
1.63		
-4.61		
-0.13		
3.69		
-6.33		
-0.88		
-0.86		
2.52		
12.68		
5.46		
-2.02		
-2.27		
3.28		
8.63		
1.91		
4.01		
-0.58		
-2.62		
5.76		
2.43		
4.47		
0.32		
-1.41		
2.17		
4.07		
2.83		
-0.1		
-0.39		
8.41		
4.39		
-1.47		
-0.6		
5.09		
2.84		
2.93		
4.25		
7.47		
8.94		
0.32		
1.09		
5.05		
-0.01		
-5.26		
1.89		
1.85		
0.86		
-6.94		
-0.36		
6.21		
2.98		
6.27		
-1.58		
8.62		
-1.3		
3.38		
1.53		
-0.84		
2.46		
-0.69		
