0.96		
-3.78		
-1.88		
-5.02		
-1.18		
-1.49		
0.94		
-2.38		
-3.89		
1.83		
-2.8		
-4.59		
-7.23		
1.04		
0.8		
3.23		
-2.65		
-0.32		
-1.66		
0.72		
-7.94		
-0.98		
0.28		
3.6		
2.07		
-9.87		
1.11		
-3.12		
-2.46		
0.58		
-8.11		
-2.05		
-5.07		
-8.89		
-1.13		
-6.87		
2.46		
5.44		
5.35		
-3.27		
-1.66		
-10.41		
-6.7		
1.56		
8.96		
-0.51		
-1.25		
1.22		
4.97		
-5.55		
6.57		
-3.39		
1.12		
-0.83		
2.83		
4.41		
3.68		
-10.88		
-4.67		
-1.6		
-0.51		
-8.23		
-6.22		
4.79		
0.22		
-4.43		
0		
2.77		
5.26		
3.64		
-4.84		
-4.51		
2.13		
-3.37		
-2.78		
-3.27		
1.56		
-0.18		
-1.91		
4.02		
-1.6		
0		
6.78		
0.6		
5.84		
7.42		
1.11		
-2.24		
0		
-4.24		
13.34		
6.78		
0.74		
-1.98		
9.15		
4.85		
3.46		
6.46		
-1.07		
12.31		
3.18		
-8.55		
4.48		
4.16		
8.83		
1.55		
0.67		
1.18		
-4.8		
0		
2.25		
4.45		
-3.58		
-5.71		
0		
2.56		
0.44		
1.53		
0.08		
-0.97		
2.99		
-1.48		
1.89		
3.11		
-0.83		
3.14		
3.17		
-10.0		
1.68		
0		
-1.64		
0.49		
1.04		
8.98		
0		
1.13		
-0.63		
1.96		
13.65		
0		
-1.94		
6.78		
27.47		
-2.72		
2.82		
15.27		
3.13		
-2.45		
7.16		
0.03		
2.98		
-5.03		
-3.48		
3.05		
0.01		
-3.43		
2.25		
7.31		
1.13		
8.82		
27.44		
-4.92		
5.27		
8.48		
4.24		
27.42		
2.32		
9.79		
-0.17		
0		
0		
2.81		
9.1		
0		
4.5		
0		
4.22		
0.92		
6.61		
7.01		
-0.32		
0.71		
23.1		
-5.11		
4.16		
0.7		
0		
0.19		
3.48		
9.5		
3.42		
-4.19		
2.16		
3.47		
6.88		
1.54		
1.69		
0.91		
4.49		
10.67		
5.01		
0		
4.1		
10.44		
3.95		
10.7		
6.91		
1.69		
1.47		
-1.41		
-0.14		
0.08		
3.15		
0.37		
6.46		
6.73		
0.14		
1.35		
3.27		
5.45		
1.12		
4.99		
4.01		
7.41		
-1.56		
4.82		
0.22		
-2.38		
5.2		
5.61		
3.94		
-1.89		
4.14		
2.62		
2.61		
-0.4		
0		
3.9		
7.33		
1.86		
-2.59		
3.6		
0.12		
0.09		
12.81		
-2.77		
0		
10.26		
5.24		
