5.92		
-2.84		
-3.19		
2.97		
-0.8		
5.4		
-0.62		
1.74		
-1.49		
-0.5		
2.98		
7.81		
1.04		
-1.24		
6.83		
3.54		
2.47		
2.66		
0.24		
3.47		
-0.38		
-0.3		
4.1		
0.18		
0.75		
-1.11		
4.72		
-2.46		
5.37		
11.23		
2.03		
14.17		
13.43		
-0.96		
3.36		
-0.39		
3.64		
0.27		
4.08		
3.78		
0.38		
5.1		
-1.61		
5.93		
1.02		
5.31		
0		
-2.92		
6.15		
3.58		
2.54		
3.97		
-5.65		
5.97		
-1.75		
-3.08		
2.74		
-0.97		
-1.51		
4.56		
-7.27		
2.52		
1.44		
4.22		
3.16		
0.57		
0.45		
3.71		
-2.73		
1.21		
4.28		
-4.33		
0.39		
0		
0.15		
-4.56		
-0.96		
-3.38		
6.25		
1.69		
4.35		
0.64		
7.96		
-2.07		
4.07		
3.37		
-4.17		
-1.91		
0.51		
3.55		
-1.74		
1.61		
5.79		
-3.87		
2.76		
0.54		
-2.01		
1.81		
3.38		
2.09		
1.79		
-0.32		
-1.63		
2.53		
-1.12		
0.69		
-0.48		
-0.05		
4.45		
1.57		
2.56		
-0.76		
1.7		
-2.39		
4.46		
5.63		
-3.7		
1.28		
2.3		
-3.32		
0.43		
-1.82		
-1.39		
3.38		
1.99		
-0.52		
-0.79		
4.57		
-2.48		
1.61		
-0.7		
0		
0.46		
2.77		
1.98		
-0.26		
-3.22		
3.44		
0.29		
2.39		
-0.99		
5.92		
-3.1		
2.8		
-1.79		
4.37		
0.08		
-0.94		
-4.91		
-0.47		
3.21		
-1.63		
3.7		
4.07		
1.69		
-0.63		
-2.13		
1.24		
0.31		
-1.29		
-1.11		
0.79		
-0.17		
2.79		
-1.38		
8.2		
1.75		
2.04		
3.9		
2.71		
0.82		
-0.64		
-2.43		
0.83		
-5.65		
11.83		
2.19		
3.73		
1.56		
1.55		
1.68		
0		
4.7		
0.86		
4.01		
4.15		
3.17		
0.78		
-0.38		
1.87		
3.55		
-0.17		
3.13		
4.26		
7.19		
2.15		
4.13		
5.32		
9.72		
-3.53		
3.44		
6.24		
4.7		
-0.02		
12.77		
3.94		
2.23		
1.32		
-2.49		
0		
1.69		
2.79		
0		
13.07		
11.47		
4.97		
4.37		
-3.83		
3.7		
0		
-1.11		
0.17		
0.9		
2.79		
-1.24		
4.81		
3.96		
5.79		
1.13		
-0.83		
-0.89		
0.31		
3.02		
-1.5		
1.44		
0.97		
1.58		
0.7		
1.44		
2.08		
0.55		
-3.44		
-1.36		
5.12		
2.77		
3.93		
-2.51		
-2.14		
0.19		
