0.32		
0.27		
3.25		
5.1		
4.87		
-0.29		
7.97		
2.51		
8.15		
-1.26		
-0.69		
3.86		
2.28		
3.37		
0.85		
1.85		
0.6		
0.15		
1.12		
1.33		
2.75		
2.06		
1.48		
0.67		
1.33		
0.73		
2.33		
1.26		
5.35		
11.93		
-0.89		
8.49		
-0.58		
-0.85		
1.19		
6.31		
-2.36		
0.34		
0		
13.69		
4.51		
0.17		
4.34		
2.4		
-3.95		
3.22		
3.28		
-1.83		
0.45		
-0.59		
3.6		
2.97		
-2.78		
0		
9.79		
-0.6		
9.17		
-0.99		
1.49		
2.48		
5.74		
4.88		
-2.1		
-5.08		
9.04		
0.39		
0		
1.52		
0.67		
9.29		
2.53		
0.71		
3.51		
-1.12		
2.39		
1.9		
-0.84		
-1.35		
-1.15		
0.48		
4.22		
2.2		
-1.06		
2.04		
-1.57		
1.7		
1.48		
2.52		
4.85		
0.42		
-0.59		
2.91		
3.64		
-0.65		
1.43		
-2.33		
2.29		
0.77		
3.21		
7.31		
0		
-0.01		
-1.95		
7.06		
8.82		
2.94		
0.97		
0		
4.15		
-5.6		
1.14		
-6.45		
-0.43		
0		
-2.12		
-1.08		
7.5		
-1.08		
-5.0		
2.1		
4.85		
-2.57		
3.03		
-0.95		
1.11		
-0.89		
-1.39		
4.58		
0.77		
0.9		
4.31		
1.87		
2.01		
-3.86		
0.23		
3.25		
-1.51		
0.71		
4.61		
0		
-0.48		
0		
0		
0		
3.33		
0.11		
-3.99		
0		
-2.49		
0		
-6.0		
0		
-5.24		
0		
-6.29		
0		
-2.55		
0.71		
11.06		
-2.44		
5.34		
1.34		
-0.05		
6.04		
0.67		
6.32		
8.5		
-0.96		
4.81		
5.07		
-1.1		
-0.79		
-0.68		
-0.32		
-1.49		
0.6		
1.49		
11.68		
0.06		
2.72		
14.36		
1.54		
-2.01		
-1.27		
5.03		
10.54		
0.75		
1.45		
4.91		
-0.94		
7.39		
1.11		
0.83		
0.47		
3.39		
0		
0.44		
12.29		
4.49		
4.3		
8.25		
1.93		
0		
0.47		
1.25		
-1.61		
-2.15		
7.16		
3.8		
2.58		
1.33		
-1.7		
12.54		
3.02		
-0.87		
8.47		
4.87		
0.79		
-4.83		
5.45		
5.78		
-2.87		
8.24		
-3.89		
2.79		
0.31		
0.8		
0		
-1.52		
2.76		
0.66		
1.93		
0		
-0.11		
-0.57		
1.7		
3.23		
2.11		
0.47		
4.63		
6.35		
3.76		
-0.19		
2.13		
6.42		
-0.54		
3.23		
-2.03		
8.38		
0		
-4.01		
0		
14.66		
5.92		
1.75		
2.09		
2.76		
1.9		
3.42		
11.34		
1.21		
-0.99		
7.41		
9.07		
0.53		
