0		
0		
0		
0		
0		
0		
0		
0		
0		
0		
-0.83		
0		
0		
0		
0		
0		
0		
0		
0		
0		
0		
-1.07		
0		
0		
0		
0		
0		
0		
0		
0		
0		
0		
0		
0		
0.36		
0		
0		
0		
0		
0		
0		
0		
0		
0		
0		
0		
0		
0		
0		
0		
0		
0		
0		
0		
0		
0		
0		
-0.18		
0		
0		
0		
0		
0		
0		
0		
0		
0		
-2.21		
0		
0		
0		
0		
0		
0		
0		
0		
-0.83		
0		
0		
0		
0		
0		
0		
0		
0		
0		
0		
0		
0		
0		
0		
0.2		
0		
0		
0		
0		
0.2		
0		
0		
-0.83		
0		
0		
0		
-2.05		
0		
0		
0		
0		
0		
0		
0		
-1.9		
0		
0		
0		
0		
0		
0		
0		
0		
0		
0		
0		
0		
0		
0		
0		
0		
0		
0		
-0.83		
0		
0		
-0.83		
0		
0		
0		
-2.02		
0		
0		
0		
0		
0		
0		
0		
0		
0		
-0.98		
0		
0		
0		
0		
0		
0		
0		
0.5		
0		
0		
0		
0		
0		
0		
0		
0		
0		
0		
0		
0		
0		
0		
0		
0		
0		
0		
0		
0		
0		
0.74		
0.85		
0.8		
-0.02		
4.21		
2.99		
-4.52		
5.04		
2.81		
-3.21		
-0.75		
-2.65		
-1.67		
-0.59		
1.17		
3.27		
4.03		
1.31		
5.05		
-0.32		
0.94		
2.36		
-5.26		
-1.48		
3.49		
6.69		
-0.02		
3.36		
-3.94		
5.19		
-2.09		
0.19		
-0.18		
1.52		
-2.09		
-3.39		
0		
2.75		
0.72		
0.1		
-7.86		
-7.39		
1.75		
1.82		
-1.17		
6.66		
-3.01		
-1.65		
-0.05		
4.57		
-6.84		
0.01		
1.16		
8.3		
-0.3		
3.16		
-2.29		
1.45		
-4.02		
0.47		
2.63		
-3.13		
-10.85		
-1.98		
-6.53		
0.87		
0.88		
-1.14		
1.49		
-2.56		
6.27		
1.53		
-6.37		
-2.06		
5.02		
-3.12		
-2.49		
-10.42		
-0.35		
2.53		
-0.23		
4.01		
-1.66		
2.49		
-1.39		
-0.9		
-2.19		
1.23		
-1.84		
4.32		
-2.55		
-4.86		
1.9		
1.63		
-0.12		
-0.79		
-6.73		
2.97		
-5.55		
8.41		
1.5		
1.86		
-0.39		
-10.44		
2.19		
-0.97		
5.03		
1.6		
-6.09		
-6.11		
-7.62		
0.09		
0		
-1.32		
-2.97		
0		
-1.31		
-0.2		
-4.27		
-9.33		
0.77		
2.71		
2.38		
12.0		
-0.22		
-5.11		
1.59		
2.25		
-2.96		
-0.15		
0.79		
-1.6		
1.45		
-5.31		
-11.62		
1.63		
0.99		
3.04		
9.13		
1.73		
-9.38		
2.4		
-7.96		
-5.74		
-4.34		
-3.18		
2.19		
-2.28		
2.09		
-1.88		
-3.14		
-4.14		
-3.46		
-0.49		
-0.88		
-1.71		
-3.17		
-2.57		
-1.88		
-0.27		
-4.49		
0.4		
-0.67		
0.55		
2.2		
-4.59		
