-0.69		
-0.29		
1.51		
-2.89		
-1.41		
-3.41		
3.93		
2.96		
-7.14		
-2.56		
-2.25		
1.65		
1.03		
-5.16		
3.46		
0.57		
0.87		
-3.64		
2.58		
3.07		
-1.53		
0.93		
-1.83		
4.11		
5.8		
-0.15		
-4.3		
-1.73		
1.41		
0.05		
-0.52		
1.5		
0.56		
0		
6.0		
-3.73		
-2.0		
1.43		
-1.19		
-3.09		
0.33		
-0.13		
0.36		
-3.56		
0.61		
3.47		
1.58		
3.7		
-3.5		
3.83		
-0.64		
-0.37		
2.71		
-2.28		
-9.86		
0.92		
1.17		
-4.27		
1.12		
-2.77		
5.19		
0.45		
1.04		
-0.94		
4.59		
0.2		
-0.81		
-4.15		
-4.06		
5.51		
-7.59		
-2.0		
3.62		
-2.04		
2.45		
-3.64		
2.1		
0.68		
-7.06		
2.93		
1.39		
0		
-0.49		
12.06		
-0.5		
-2.02		
1.52		
-0.65		
-1.11		
-2.83		
-4.93		
-1.65		
0.8		
-3.79		
4.08		
-2.64		
1.08		
2.78		
0.3		
1.03		
2.38		
1.73		
3.89		
-3.37		
-2.36		
0		
0		
1.89		
0		
-0.8		
4.91		
0.64		
-2.69		
1.6		
1.08		
0.38		
-2.64		
-1.41		
-1.35		
2.45		
-0.3		
-0.44		
2.02		
2.35		
-0.21		
1.1		
0		
-3.47		
-0.49		
-2.16		
-1.27		
-3.96		
0.17		
6.36		
7.98		
4.11		
-0.26		
-2.63		
0		
1.02		
1.3		
1.58		
1.36		
2.86		
0.36		
2.3		
0.99		
-5.3		
-5.77		
1.29		
1.22		
-2.06		
-3.62		
-1.75		
-0.07		
1.19		
-2.43		
-2.18		
3.14		
-0.4		
5.05		
-1.95		
4.96		
-0.26		
1.75		
0		
0.09		
3.46		
5.38		
0.06		
-0.04		
1.3		
0.64		
0.92		
6.01		
-2.34		
-0.87		
2.06		
0		
1.18		
-0.3		
3.24		
-0.46		
0.08		
1.11		
1.76		
-0.55		
-0.15		
-3.0		
0.67		
-0.98		
-5.78		
3.66		
-7.1		
-1.21		
3.45		
1.64		
-0.34		
-0.79		
-1.38		
1.59		
-0.45		
0.91		
0.75		
2.03		
-1.25		
-0.54		
-1.73		
-1.02		
-5.78		
-0.24		
1.17		
4.43		
-1.48		
1.17		
-1.21		
1.14		
0		
-2.11		
6.12		
0		
-1.16		
-1.99		
0.26		
-0.79		
-4.21		
3.39		
1.07		
3.09		
1.78		
2.07		
-0.14		
-0.52		
1.8		
-0.4		
1.43		
1.17		
0.75		
1.24		
-3.49		
0.57		
12.37		
7.2		
0.15		
0.31		
-0.46		
2.08		
0.38		
2.79		
