-6.72		
-2.35		
0.86		
-0.22		
-2.23		
6.43		
-0.52		
3.34		
-6.99		
0.16		
-10.53		
-17.7		
-5.14		
-5.39		
-3.84		
-1.09		
3.11		
-8.51		
-9.57		
-7.92		
-16.08		
-13.58		
-8.42		
-2.51		
-6.95		
-1.48		
3.36		
-3.41		
-11.5		
-1.65		
-17.1		
-10.41		
-4.21		
-7.52		
0.07		
-8.65		
-9.85		
1.95		
3.35		
-2.88		
-3.7		
-2.92		
-10.38		
-6.01		
-13.09		
-5.69		
1.76		
-9.64		
-11.24		
2.01		
5.62		
-6.76		
-5.6		
1.44		
-7.46		
-6.44		
-2.74		
-17.57		
1.2		
-4.82		
-1.52		
-23.37		
-8.84		
0.69		
-16.36		
-15.22		
-9.13		
1.08		
6.56		
-3.9		
0.61		
-0.8		
-1.76		
-7.18		
-12.64		
-5.99		
7.34		
-12.57		
-0.55		
13.18		
0.99		
-7.72		
-3.84		
3.6		
3.93		
-6.15		
-0.88		
-2.97		
-0.48		
7.07		
0.81		
3.68		
2.71		
0		
-4.26		
-4.36		
-0.59		
4.11		
-3.32		
0.28		
-9.34		
-0.37		
0		
-13.34		
1.21		
-0.81		
0.7		
6.41		
-1.43		
-3.38		
-0.06		
-6.96		
5.99		
9.56		
0.95		
-8.56		
-8.22		
-2.04		
-2.25		
-14.07		
7.65		
1.34		
-16.78		
-2.37		
4.08		
0.71		
-2.48		
-3.31		
-0.7		
-2.32		
-7.45		
1.74		
-2.91		
-3.97		
-6.19		
-2.91		
-8.19		
-6.06		
-2.06		
4.06		
-0.41		
1.55		
-22.61		
-8.5		
0.46		
-9.98		
-3.02		
-5.38		
3.14		
0.88		
0.4		
-5.06		
-0.82		
-2.42		
11.56		
-6.36		
5.73		
7.75		
3.81		
2.21		
-3.57		
-17.6		
5.42		
-2.11		
-2.63		
-11.09		
0		
-1.58		
-5.19		
2.65		
0		
-0.31		
1.71		
-28.17		
-2.01		
0.9		
-2.04		
-9.87		
-1.4		
1.71		
0		
4.57		
5.1		
-10.03		
-1.78		
-2.14		
-5.9		
9.73		
4.4		
0		
8.7		
-3.37		
0.26		
1.55		
-4.94		
-12.71		
-6.53		
6.6		
9.69		
-0.79		
2.56		
-3.99		
-0.95		
3.96		
-0.61		
1.23		
-12.3		
-5.99		
5.93		
-4.03		
-1.17		
2.34		
-1.59		
1.56		
0		
0		
-3.52		
-8.07		
1.16		
-5.29		
-5.34		
-3.31		
1.7		
-2.21		
-5.34		
-0.07		
3.17		
11.84		
-9.84		
-1.78		
0.78		
1.24		
-5.1		
-5.39		
-5.59		
-4.37		
-8.94		
-9.25		
5.7		
6.63		
-6.2		
4.16		
-7.9		
-7.49		
-6.6		
-1.8		
-2.1		
0.63		
-0.6		
