-3.97		
5.14		
9.29		
-4.28		
0.81		
-13.51		
2.07		
8.95		
6.06		
2.23		
-1.71		
-1.07		
2.03		
-1.15		
2.61		
-1.63		
2.58		
2.47		
-1.6		
0		
-8.53		
2.6		
7.81		
0		
0		
6.73		
-0.18		
0.15		
0		
-1.87		
4.52		
1.37		
1.42		
6.22		
-0.23		
-0.25		
-0.82		
10.14		
4.24		
5.6		
-1.9		
5.05		
1.22		
0		
5.41		
1.4		
-2.08		
0.81		
0		
0.72		
3.84		
16.62		
-5.5		
0.37		
4.73		
10.84		
-1.2		
-0.14		
-1.12		
1.27		
11.63		
8.77		
2.3		
10.86		
0.46		
-3.0		
0		
-1.47		
-2.84		
9.0		
4.7		
10.8		
-0.94		
0		
0.55		
8.5		
13.33		
12.48		
3.61		
3.45		
-1.07		
0		
0		
0		
-8.16		
6.33		
0		
8.99		
1.68		
0		
-3.26		
0		
-0.78		
6.21		
1.57		
10.11		
1.13		
-5.92		
13.39		
-19.36		
0		
-5.69		
0		
2.71		
-4.16		
0		
-1.24		
-4.76		
6.99		
4.03		
-3.43		
2.11		
1.1		
-8.0		
8.42		
0		
6.57		
1.1		
0		
7.9		
-5.21		
0		
0.42		
-7.78		
-1.9		
9.04		
-6.82		
10.49		
-1.14		
0.71		
-1.7		
-5.15		
1.18		
0.48		
-11.5		
2.78		
0		
4.86		
2.26		
-1.28		
-9.3		
2.39		
-1.85		
6.66		
-6.48		
-7.28		
11.17		
0		
6.45		
0		
-9.71		
0.37		
0		
-0.81		
0		
-1.58		
8.74		
1.85		
1.55		
0		
0.39		
0		
2.03		
-4.32		
0.97		
8.84		
1.88		
-1.21		
-9.91		
-9.09		
-1.98		
3.18		
-4.74		
-9.99		
-4.82		
0		
-3.29		
1.52		
1.15		
-6.26		
-22.62		
-4.24		
2.16		
1.38		
-9.2		
-7.76		
2.68		
-9.12		
-4.59		
0.17		
1.04		
-14.39		
-4.2		
-4.7		
-0.35		
-5.84		
4.57		
-4.28		
-7.0		
-5.82		
1.26		
10.31		
2.58		
-1.47		
-1.13		
2.19		
-1.61		
-0.06		
-0.52		
7.67		
0.67		
5.4		
-2.88		
-1.09		
-0.51		
3.21		
-3.82		
-11.67		
0.09		
-2.34		
-11.89		
-8.28		
2.08		
0.86		
-19.32		
-11.65		
-0.35		
-7.16		
-1.99		
-6.17		
-4.65		
-3.3		
-14.24		
-5.66		
-4.23		
-8.38		
-1.66		
0.17		
-3.47		
-0.55		
-2.44		
-3.82		
-6.86		
-3.86		
-7.67		
-0.27		
-3.44		
-5.72		
0.21		
