-0.51		
-0.09		
-1.61		
5.08		
-0.89		
-3.08		
0.12		
4.09		
1.28		
4.12		
4.96		
5.54		
0.92		
3.0		
5.09		
1.01		
-6.38		
3.17		
1.36		
7.98		
2.55		
0.26		
2.93		
-2.31		
6.1		
4.51		
-7.85		
1.63		
4.14		
3.34		
-0.51		
-0.17		
0.23		
1.51		
2.97		
-1.93		
-3.55		
2.79		
-12.93		
4.1		
4.12		
3.37		
2.01		
5.36		
2.82		
0.74		
-0.67		
1.04		
-9.32		
-3.95		
4.12		
-4.65		
-5.54		
4.26		
-2.06		
-1.95		
0.81		
0.54		
5.49		
-0.39		
0.73		
-1.99		
-1.86		
2.17		
2.0		
0		
1.59		
-3.93		
-2.43		
-0.54		
-11.14		
0.21		
2.92		
6.35		
-1.42		
2.87		
-6.89		
-5.58		
1.31		
2.32		
-1.07		
2.26		
7.9		
-5.29		
4.98		
6.01		
1.26		
0.98		
-3.57		
8.67		
-1.53		
7.69		
1.82		
-1.85		
-0.04		
0.64		
0.84		
-1.95		
-2.71		
-5.21		
-2.72		
0.85		
-3.3		
0.85		
0.36		
-5.41		
7.68		
-2.7		
1.97		
-5.48		
1.38		
-1.94		
4.38		
-0.53		
-0.16		
-0.75		
-3.53		
-7.35		
0.71		
-1.72		
2.66		
4.57		
3.22		
-1.79		
0.52		
-5.08		
-3.47		
-3.1		
2.05		
3.38		
-0.18		
-1.81		
2.53		
-19.88		
-8.57		
-1.13		
-5.81		
-2.96		
5.28		
3.84		
0.19		
4.98		
-9.54		
2.4		
6.04		
3.53		
-0.59		
9.63		
-7.86		
1.43		
2.56		
-1.54		
5.57		
1.6		
-1.52		
1.49		
-0.23		
6.0		
1.02		
3.5		
7.89		
0.29		
0.83		
0.74		
2.55		
0.26		
-2.28		
-3.47		
-0.4		
2.02		
-8.0		
2.27		
0.96		
-0.81		
0		
3.24		
7.65		
-1.67		
-1.28		
-5.07		
4.53		
1.76		
3.67		
-10.51		
4.31		
-1.07		
0.33		
1.85		
-0.92		
-0.04		
-0.22		
1.78		
-0.04		
-12.98		
7.54		
-1.16		
-4.91		
4.38		
8.48		
-2.21		
2.88		
12.27		
6.53		
3.77		
1.72		
2.62		
-0.41		
-3.41		
-2.2		
-0.05		
-3.31		
0.42		
-1.95		
-1.43		
0		
15.01		
-1.07		
0.67		
-0.97		
-2.44		
-1.54		
1.58		
3.11		
4.46		
-2.17		
-7.16		
3.69		
5.58		
2.69		
-1.68		
6.05		
-4.12		
2.17		
4.56		
2.28		
0.78		
1.33		
7.63		
6.16		
-0.29		
-2.79		
3.38		
6.74		
1.29		
6.2		
0.91		
1.64		
-2.28		
-4.17		
