2.51		
5.77		
-0.23		
-7.16		
-4.83		
-13.87		
-3.85		
0.62		
-2.81		
-2.63		
-6.58		
0		
-0.63		
4.77		
0.65		
-6.25		
-4.25		
-2.66		
-1.07		
0.93		
2.95		
6.49		
-1.16		
12.55		
4.18		
0		
3.36		
1.48		
0		
-1.87		
-9.56		
-6.62		
1.87		
-0.59		
-2.63		
0.61		
-5.53		
0.17		
-5.39		
1.27		
2.07		
7.54		
-8.99		
10.07		
-15.7		
0.95		
-8.54		
0		
-0.5		
0.3		
0		
-5.32		
-2.45		
-2.97		
4.63		
-1.88		
3.87		
0.44		
-2.2		
-1.97		
-0.54		
-4.14		
-3.09		
1.08		
1.69		
0		
3.09		
-2.72		
6.6		
-0.1		
0		
1.39		
0.58		
0		
0		
6.49		
0		
-4.98		
5.6		
-2.68		
-9.75		
-0.21		
2.86		
-2.79		
0		
0		
-2.29		
-3.4		
5.5		
-0.9		
-0.17		
0		
-7.81		
-3.76		
0		
0		
-1.99		
1.57		
0		
-5.94		
0		
0		
-0.6		
0		
0		
-3.87		
0		
0		
0.29		
9.94		
0		
-1.97		
0		
0		
-0.97		
-2.19		
-3.11		
0.89		
-0.14		
-1.28		
0		
-0.22		
0		
0		
0		
0		
0		
0		
0		
0		
-1.89		
0		
0		
-1.39		
-5.18		
0		
0		
0.21		
0		
0.25		
-5.76		
0		
4.63		
-2.69		
-0.16		
-2.79		
0		
0		
0		
-1.58		
0		
-1.6		
0		
0		
-3.03		
-1.2		
-2.41		
0		
6.92		
0		
0		
0		
0		
0		
3.35		
6.08		
-7.69		
0		
1.13		
2.14		
7.7		
-4.22		
1.38		
1.29		
3.34		
-0.71		
-0.6		
-9.09		
-1.76		
1.17		
-6.09		
-0.19		
-2.56		
0		
-3.67		
-3.34		
2.36		
-0.36		
0.85		
-8.11		
1.27		
2.59		
0		
-1.44		
-3.64		
3.75		
0		
0		
4.64		
-2.05		
-8.82		
2.86		
4.08		
0.41		
2.91		
4.74		
-4.96		
-2.92		
1.54		
-2.41		
0		
0		
0		
0.68		
-9.52		
-2.71		
0.77		
-9.99		
-5.04		
8.68		
0.9		
-9.84		
1.82		
14.01		
3.5		
0.63		
-1.72		
1.92		
4.03		
0		
-0.06		
-0.66		
0		
4.21		
4.45		
0		
0.23		
-0.73		
4.63		
3.13		
-7.67		
-5.78		
-2.77		
0		
-3.48		
0		
2.42		
8.02		
7.63		
