-9.35		
-0.96		
-0.26		
1.05		
8.03		
2.49		
-3.4		
-4.19		
0.72		
-1.85		
-1.44		
0.55		
-2.28		
-1.06		
-7.17		
1.03		
11.14		
6.64		
-1.28		
0.43		
-4.69		
-3.35		
-4.56		
0.0		
3.66		
7.83		
0.86		
-0.87		
-0.42		
-1.49		
-2.56		
-0.96		
6.42		
2.65		
-1.89		
2.64		
-2.17		
-2.75		
-3.27		
7.4		
-3.75		
2.99		
2.06		
-0.83		
3.49		
5.13		
0		
2.65		
-2.1		
-0.23		
2.41		
-4.61		
-1.51		
9.64		
0.63		
0.49		
-13.27		
1.5		
5.46		
-0.29		
-6.47		
4.68		
4.99		
0.32		
-2.02		
3.06		
-6.58		
9.35		
-3.41		
3.77		
-0.22		
-0.9		
-3.13		
1.36		
-0.87		
1.91		
-4.94		
-7.42		
-0.05		
-2.44		
-4.28		
2.16		
11.18		
-7.42		
6.42		
-3.63		
-8.45		
-2.0		
-3.35		
4.33		
-1.28		
4.51		
2.65		
-2.56		
-4.34		
-1.92		
-3.0		
0.33		
-4.56		
-5.77		
-3.45		
-13.06		
2.32		
-4.23		
1.17		
4.39		
-1.49		
-3.83		
0.15		
-2.96		
0.63		
-1.51		
1.65		
0.52		
-10.21		
-4.19		
0.72		
5.13		
-1.44		
14.77		
-2.44		
-2.31		
-4.41		
2.71		
-4.75		
1.57		
-2.01		
-3.41		
-3.04		
-0.96		
2.11		
-0.41		
3.06		
7.19		
-0.45		
7.4		
0.57		
-3.05		
-3.3		
13.01		
-3.27		
8.5		
-2.6		
2.99		
-0.19		
-6.58		
3.8		
2.65		
1.34		
-2.21		
-1.12		
1.93		
4.33		
-9.53		
2.13		
9.35		
5.45		
-6.05		
10.93		
-2.31		
5.41		
-4.94		
2.49		
5.46		
-2.2		
-2.1		
-7.36		
-3.38		
8.68		
-5.75		
-2.21		
-2.03		
3.93		
-6.29		
-2.04		
-3.44		
-1.97		
0.36		
-0.91		
-2.73		
-1.92		
-0.83		
1.57		
-1.6		
-3.33		
7.05		
1.37		
-3.03		
-4.05		
-3.7		
7.74		
-3.18		
-0.64		
2.57		
0		
-0.93		
0.14		
-1.57		
-1.8		
-3.76		
-5.13		
-2.06		
1.54		
1.01		
-1.01		
-2.16		
4.53		
-1.93		
-0.51		
-0.64		
-3.39		
3.48		
4.1		
-1.7		
-0.44		
1.27		
-0.87		
0.22		
2.72		
4.81		
3.43		
2.46		
-1.87		
-0.87		
-0.93		
2.52		
-0.95		
-0.45		
-1.9		
3.78		
8.54		
0.52		
-5.53		
-3.39		
0.11		
0.07		
-5.96		
-7.91		
-0.75		
-4.85		
-3.72		
-2.91		
-0.15		
-13.12		
1.74		
-6.34		
4.13		
-1.78		
-1.09		
