3.12		
-3.01		
-0.16		
5.14		
4.39		
9.34		
-0.34		
4.45		
-0.73		
-1.33		
5.74		
4.94		
-2.43		
3.46		
-1.84		
-4.84		
-3.1		
12.09		
8.2		
2.16		
6.63		
1.83		
3.95		
-5.76		
-0.69		
3.12		
-2.26		
-1.09		
-1.63		
0.07		
0.68		
1.93		
-1.77		
1.15		
2.06		
3.58		
0.41		
-0.6		
-8.91		
-0.57		
-2.4		
-5.92		
-2.82		
-5.93		
3.54		
0.09		
3.45		
-2.99		
-6.82		
-5.87		
-6.89		
-1.79		
4.29		
-7.16		
4.73		
3.19		
-0.21		
1.7		
-7.96		
-7.56		
-7.85		
-1.54		
-8.38		
11.23		
-3.94		
-1.7		
1.1		
-1.85		
0.91		
-3.59		
-1.75		
1.32		
-2.6		
4.17		
-11.75		
1.79		
-0.07		
2.17		
0.64		
4.23		
-0.62		
0.22		
-6.69		
-13.66		
-5.1		
-17.24		
-6.76		
0.52		
-12.15		
4.21		
-7.47		
-12.71		
2.49		
-6.07		
-4.63		
-8.15		
1.99		
0		
-14.92		
-9.38		
-3.27		
7.42		
1.14		
0.86		
-12.07		
6.26		
8.03		
-7.8		
6.6		
-6.77		
-0.31		
-2.65		
-5.32		
-12.6		
5.61		
-10.31		
-8.49		
3.1		
6.74		
-9.89		
-2.91		
-2.89		
-0.93		
19.39		
-19.59		
-7.05		
2.97		
0.74		
-31.9		
-3.55		
0.3		
-2.2		
-4.96		
-12.71		
6.5		
-0.71		
-2.66		
3.42		
-15.97		
-7.66		
0.55		
3.6		
-3.28		
-1.88		
-4.62		
-1.11		
-3.12		
-16.42		
3.0		
-8.62		
-0.87		
-1.22		
-11.95		
-8.2		
-4.56		
-0.5		
-10.71		
-10.09		
-0.73		
-3.01		
0.23		
-0.28		
-7.86		
-10.2		
1.43		
-2.21		
5.48		
-3.79		
-6.25		
-10.1		
0		
11.05		
-3.64		
1.31		
-3.09		
-0.76		
0.97		
-1.32		
3.91		
-0.64		
2.7		
3.29		
-4.87		
0.81		
-12.63		
4.93		
-6.41		
-4.38		
-0.41		
-0.82		
1.37		
-1.91		
-1.85		
-2.79		
4.08		
-0.82		
3.63		
1.09		
-1.17		
5.41		
-0.3		
-0.95		
-6.37		
4.54		
0		
-1.99		
8.25		
6.23		
1.52		
-1.64		
0		
-0.15		
1.1		
4.05		
-1.51		
-8.55		
-15.56		
-0.12		
1.16		
3.77		
5.57		
6.13		
-1.91		
0		
8.35		
1.61		
3.83		
1.07		
-13.21		
0		
4.36		
-1.46		
5.79		
0.7		
-0.96		
-9.19		
-10.99		
0		
-2.47		
1.79		
-2.02		
0.56		
-0.44		
6.16		
-1.61		
2.26		
-3.46		
4.49		
5.46		
