-8.18		
-6.25		
-4.43		
4.03		
-1.33		
-0.37		
0		
-2.71		
3.77		
0.44		
-3.08		
-1.36		
0.01		
-1.75		
-0.53		
-2.8		
5.26		
5.83		
1.77		
0		
-5.28		
0		
0.04		
-0.26		
-5.73		
-1.29		
-3.12		
-4.52		
1.26		
2.26		
-0.43		
-0.46		
4.06		
0.63		
-0.7		
4.8		
3.4		
0		
-1.02		
-1.39		
-5.86		
2.73		
2.22		
0.43		
3.56		
-2.62		
-1.5		
0		
0.58		
6.36		
3.95		
-4.84		
-4.48		
-4.18		
-1.69		
-1.02		
2.93		
0.7		
-8.88		
-3.3		
-3.34		
3.83		
4.17		
-1.62		
0.91		
-0.04		
2.01		
5.23		
3.01		
0		
1.38		
1.76		
-1.77		
-1.65		
-0.71		
2.37		
10.08		
1.82		
2.32		
-1.55		
-0.09		
1.85		
0.47		
9.83		
8.07		
-1.46		
1.23		
-3.15		
0.47		
4.12		
1.04		
1.37		
0		
3.51		
-0.89		
-4.63		
-0.09		
-1.3		
7.76		
17.61		
-4.61		
4.11		
0.94		
0		
0.48		
4.91		
2.84		
-0.26		
13.78		
7.96		
-1.92		
3.24		
2.81		
0		
-20.57		
-4.67		
1.43		
7.78		
5.0		
1.41		
0.67		
-5.86		
-0.01		
-1.89		
-2.92		
-5.21		
1.41		
-0.33		
-4.14		
-4.92		
4.74		
11.35		
-8.31		
-2.5		
-0.58		
1.96		
5.64		
0		
-1.26		
1.94		
0.16		
-0.29		
7.46		
8.68		
-2.09		
4.5		
-1.56		
4.66		
-0.69		
3.28		
0.49		
-5.12		
0		
0		
-0.95		
4.91		
1.68		
-0.89		
0		
-4.98		
2.19		
8.46		
-5.9		
-1.64		
-2.33		
18.58		
3.62		
-2.32		
-4.89		
1.58		
8.62		
2.97		
-2.91		
-8.93		
2.65		
3.99		
0.32		
3.4		
2.04		
-0.84		
0.24		
-1.41		
-5.18		
-17.28		
-9.34		
4.91		
5.46		
-1.74		
-0.77		
3.09		
-3.47		
-10.69		
3.09		
21.96		
-3.96		
2.8		
1.26		
0.27		
0.21		
-3.04		
-5.66		
-5.92		
-12.92		
3.23		
6.26		
-3.94		
-1.15		
-1.24		
2.24		
1.43		
0.08		
0		
14.59		
0.19		
2.24		
-0.95		
4.17		
-2.74		
3.84		
-3.34		
14.26		
2.87		
3.53		
4.2		
-11.47		
-3.12		
1.27		
-3.95		
-0.84		
1.37		
-7.9		
4.88		
6.77		
-1.95		
0.81		
1.15		
-0.21		
8.21		
-7.8		
5.31		
1.49		
-4.7		
0.4		
-3.99		
2.58		
1.04		
1.7		
1.23		
-1.92		
