0		
0.34		
-2.5		
-1.44		
-4.31		
-3.35		
-1.94		
2.09		
-3.79		
-2.77		
-2.85		
-1.07		
4.11		
-2.69		
-1.35		
-8.64		
-14.28		
-5.88		
0.57		
-2.2		
-25.68		
-8.78		
-15.85		
-3.76		
-0.94		
-1.06		
-0.98		
1.89		
-3.9		
-21.45		
-4.64		
-1.59		
-7.82		
-6.95		
-19.71		
-0.82		
-12.66		
-11.84		
0		
-4.39		
-0.22		
-7.5		
-9.03		
-7.99		
-3.05		
-5.69		
-15.74		
-0.88		
0		
-2.63		
-3.46		
-4.01		
-4.28		
-3.03		
-3.16		
2.46		
-6.75		
0		
-1.74		
-14.54		
-14.93		
-4.65		
-3.39		
-0.07		
-9.64		
-2.93		
0.87		
-0.73		
-2.15		
-5.21		
-2.57		
0.01		
-12.35		
-5.58		
-6.55		
-7.08		
0		
-4.94		
-2.8		
0.95		
-2.03		
0		
-5.75		
-15.84		
-1.73		
2.07		
2.08		
-0.54		
-2.5		
5.68		
-0.63		
-21.33		
4.95		
-1.72		
3.13		
-3.38		
-1.39		
-3.74		
0.04		
5.5		
-0.23		
-3.13		
0.89		
-9.95		
2.07		
0.64		
-5.61		
0.32		
4.63		
-1.88		
0		
-2.85		
-0.77		
-3.39		
1.43		
-0.23		
1.9		
-6.69		
3.11		
2.6		
4.0		
6.45		
-2.35		
0.42		
3.84		
1.5		
-2.41		
0.54		
1.54		
1.71		
-0.85		
7.62		
-0.64		
2.44		
2.09		
2.15		
-1.52		
1.8		
0.16		
7.16		
-0.86		
-3.36		
3.96		
12.71		
1.9		
3.65		
2.39		
1.84		
3.81		
-0.83		
2.71		
-0.86		
3.04		
8.06		
2.72		
1.06		
2.52		
-0.74		
-1.22		
-1.65		
2.64		
-11.78		
-4.71		
9.08		
7.45		
7.02		
