0		
2.24		
4.0		
0.11		
3.25		
1.32		
-0.53		
5.59		
-1.48		
4.79		
-2.02		
6.99		
0.4		
0		
0.86		
4.84		
0.04		
3.95		
0.21		
-0.11		
2.07		
-2.37		
6.74		
-0.42		
1.09		
-1.52		
1.02		
0.3		
-0.72		
2.0		
2.06		
1.5		
7.13		
5.58		
2.98		
0.52		
1.35		
13.69		
3.02		
-0.58		
4.21		
4.14		
0.4		
2.01		
-0.81		
-0.03		
5.89		
-1.87		
0.17		
6.25		
-0.09		
-1.08		
1.03		
1.09		
2.96		
1.61		
-4.4		
4.64		
0.73		
1.95		
-0.67		
3.25		
2.44		
-1.67		
4.88		
0.43		
-0.98		
3.35		
2.01		
3.22		
3.52		
1.87		
0.42		
3.92		
-0.3		
0		
-1.88		
1.42		
4.14		
-1.2		
-3.27		
0.27		
-2.2		
3.88		
2.3		
2.12		
8.33		
-1.2		
7.01		
2.25		
11.1		
12.63		
-1.59		
0.39		
5.18		
5.43		
0.99		
2.75		
0		
5.6		
5.16		
6.77		
1.54		
0.76		
-5.54		
2.34		
0.77		
5.73		
5.65		
-4.32		
3.34		
1.03		
4.55		
-1.33		
1.35		
-2.0		
6.97		
21.71		
5.0		
16.89		
0		
1.44		
3.03		
3.06		
1.55		
3.24		
10.84		
-1.21		
7.74		
0.09		
6.51		
-0.31		
-6.58		
-4.27		
2.93		
-0.28		
-3.81		
-0.78		
-1.22		
2.1		
4.58		
8.73		
5.95		
-13.28		
-0.02		
0.1		
0.66		
6.3		
-3.6		
2.39		
5.89		
-2.91		
6.79		
4.92		
2.5		
3.39		
3.8		
2.68		
1.18		
0.28		
-2.97		
-3.69		
6.05		
-0.01		
-11.49		
-1.35		
-0.15		
-0.23		
-1.26		
-1.78		
0.52		
5.64		
-2.43		
-1.9		
2.94		
0		
-7.4		
-1.84		
2.1		
-2.4		
-0.04		
6.81		
-5.23		
0.8		
2.67		
-10.6		
0.39		
0.55		
7.64		
-0.02		
-3.78		
0.01		
-4.61		
1.48		
3.85		
5.48		
0.01		
-0.07		
1.82		
4.36		
-2.83		
-4.4		
-0.94		
2.03		
15.27		
1.06		
2.53		
4.38		
0.48		
2.73		
-1.7		
3.87		
-0.65		
2.28		
4.51		
-0.81		
8.62		
1.36		
1.88		
2.34		
-2.38		
-3.39		
3.77		
-1.92		
3.94		
-0.56		
0.77		
-0.36		
1.14		
-0.76		
0.31		
3.19		
-3.1		
-4.61		
1.03		
-3.38		
0.01		
1.45		
-1.06		
3.93		
2.13		
3.94		
0.47		
1.11		
6.92		
-1.13		
4.08		
-0.66		
0		
