-0.25		
-0.73		
3.57		
-3.34		
3.14		
-0.32		
1.32		
1.43		
3.64		
1.76		
-13.83		
0.33		
0		
-2.52		
1.15		
3.59		
10.17		
1.57		
0.1		
6.97		
3.14		
0.99		
-0.71		
0		
-1.72		
0		
9.08		
3.79		
0.01		
1.43		
1.29		
2.12		
1.81		
-1.76		
-3.96		
1.94		
1.07		
-9.32		
3.09		
0.7		
-0.39		
2.05		
-1.17		
-5.93		
-0.74		
2.89		
-0.12		
9.96		
-0.53		
-1.07		
0		
1.49		
2.07		
6.31		
6.06		
-1.86		
8.56		
-1.05		
1.43		
-13.85		
-0.16		
-0.38		
10.02		
9.3		
4.7		
-0.92		
6.97		
9.61		
-0.47		
4.29		
1.66		
-0.18		
0.1		
2.59		
2.94		
4.14		
6.08		
-4.41		
0.84		
3.94		
1.43		
0.42		
0.42		
-0.42		
1.19		
20.6		
-4.4		
-4.14		
-0.5		
0.5		
0.67		
0.86		
8.16		
-10.66		
0.04		
1.44		
-6.96		
5.89		
0		
6.86		
-0.06		
3.7		
-1.47		
0.54		
-1.25		
0		
-0.01		
3.0		
2.14		
-2.63		
0		
4.08		
2.63		
6.22		
1.56		
2.28		
-1.6		
1.86		
-1.23		
-2.45		
2.61		
0.98		
-1.28		
4.39		
6.37		
-4.31		
-2.57		
-0.23		
-8.94		
1.28		
3.57		
-0.34		
1.37		
-1.3		
2.94		
6.16		
-4.28		
-0.74		
-1.43		
0.91		
1.49		
-0.77		
-2.41		
-1.74		
-5.62		
-2.48		
-0.19		
0.25		
7.86		
15.05		
-0.13		
-2.54		
16.56		
-3.58		
3.65		
6.75		
1.51		
1.04		
-1.94		
-0.99		
-1.62		
2.1		
-1.3		
-5.31		
1.25		
-0.45		
3.34		
2.77		
10.77		
-1.82		
-0.23		
1.3		
-0.8		
2.32		
-0.21		
4.45		
4.93		
-2.49		
0.79		
2.76		
1.46		
1.55		
4.63		
0.24		
2.72		
5.85		
4.03		
-0.68		
2.27		
-1.29		
3.72		
-5.95		
3.5		
0.36		
4.66		
-0.99		
1.66		
1.62		
4.34		
0.61		
-1.63		
-0.09		
-1.0		
6.53		
0		
-4.54		
0.27		
9.43		
-5.0		
-0.23		
-1.4		
5.35		
5.8		
4.92		
-0.09		
2.07		
3.31		
-1.61		
0.66		
-6.05		
0		
-5.73		
0.35		
-1.27		
5.08		
-4.78		
2.04		
-2.42		
-4.53		
3.43		
-1.32		
2.2		
1.7		
-5.43		
1.7		
-1.78		
5.6		
-0.78		
2.93		
0.36		
-2.33		
-3.11		
-1.58		
-1.32		
-4.17		
-0.25		
7.0		
4.3		
0.47		
