-4.56		
-0.66		
0.93		
0.39		
-4.3		
-5.94		
1.44		
-14.22		
2.49		
-4.13		
-6.89		
-1.72		
-8.25		
4.12		
-1.12		
-4.43		
-3.16		
-0.52		
-4.68		
0		
-3.22		
0.25		
0.61		
-5.46		
1.22		
0		
-8.15		
-7.16		
-8.69		
-5.81		
-7.19		
-4.6		
-6.14		
-6.98		
0		
-7.91		
-2.11		
0.87		
-11.9		
2.31		
-4.14		
-9.33		
-3.25		
1.36		
-1.11		
-6.39		
0.17		
0.65		
0.9		
-1.43		
0		
2.15		
-1.08		
1.19		
-0.42		
-2.21		
-6.84		
-0.5		
2.32		
0		
1.97		
2.27		
1.21		
2.72		
3.69		
6.76		
-2.49		
1.69		
1.75		
-5.87		
-8.31		
-0.58		
-1.06		
-13.69		
0.13		
0		
-10.76		
-2.87		
-1.82		
-12.84		
1.46		
1.49		
0.42		
-2.45		
0.59		
-1.62		
-10.29		
-12.85		
-11.14		
-4.04		
-6.1		
-0.99		
0.39		
-0.11		
3.75		
-1.53		
-3.62		
-1.17		
-0.15		
10.05		
-17.55		
2.32		
-0.83		
-3.54		
-3.97		
3.73		
-14.65		
4.42		
-2.76		
-14.9		
5.77		
0.5		
-0.57		
-2.86		
-29.9		
-6.98		
-18.6		
1.85		
-1.38		
3.1		
0.34		
-9.58		
-1.66		
-0.71		
-10.05		
3.19		
0.61		
-1.7		
2.01		
-3.79		
1.82		
-0.9		
2.68		
-0.63		
0		
-5.83		
-8.41		
1.78		
-3.1		
0.47		
2.79		
-0.22		
-3.46		
0.29		
-0.55		
3.23		
-0.68		
1.3		
-3.39		
-2.7		
-0.57		
-2.04		
-0.73		
-3.31		
-4.0		
-4.05		
0.25		
-14.76		
1.51		
-4.69		
-12.24		
0.15		
5.22		
-1.76		
4.2		
-1.92		
0.85		
-5.03		
0.14		
-4.94		
0		
-10.3		
0		
-12.72		
-8.34		
-5.04		
-4.02		
-3.77		
2.06		
-5.35		
-6.1		
3.48		
-3.05		
-6.2		
-5.51		
-4.98		
0.13		
0.07		
1.88		
0		
-2.2		
-9.85		
8.11		
-8.89		
-8.9		
0.12		
0.3		
-1.45		
-3.04		
-5.33		
0		
1.13		
-1.16		
-0.03		
-2.86		
-3.93		
-18.8		
-0.56		
-2.62		
3.04		
-3.6		
1.69		
2.6		
-1.54		
-2.89		
-3.07		
-2.05		
-8.3		
-7.25		
2.49		
3.59		
-3.63		
-3.78		
0.56		
-8.23		
-6.76		
-8.21		
4.14		
0.85		
-3.6		
-7.68		
-2.15		
-7.1		
-1.91		
-4.56		
-4.91		
-1.36		
-5.98		
-0.51		
10.04		
0.23		
0.89		
-6.17		
-6.58		
-12.42		
-8.06		
-4.18		
-10.67		
-5.32		
