-0.68		
-0.44		
-8.85		
-3.68		
-3.73		
-5.27		
-8.15		
0.24		
-3.29		
-0.44		
0.3		
-6.96		
-4.68		
-9.03		
-20.87		
6.84		
-0.17		
-4.66		
-4.88		
0.17		
-8.82		
-0.13		
-9.93		
-6.08		
-2.85		
-2.31		
-14.54		
-5.21		
-8.47		
-2.44		
-0.62		
-6.55		
-5.24		
-2.65		
-1.38		
-1.91		
-4.2		
-15.14		
-8.44		
-5.36		
-2.25		
-8.12		
-6.38		
-1.93		
0.99		
-5.91		
-3.7		
-6.7		
-4.45		
-1.82		
-8.74		
-14.65		
-1.83		
-7.17		
-0.38		
-4.71		
0.53		
-7.41		
0.92		
-4.94		
-8.48		
-3.59		
-8.62		
-2.42		
-4.31		
-3.83		
-5.61		
-1.36		
-22.22		
-10.02		
-18.25		
-12.75		
-2.51		
-4.91		
3.04		
-0.51		
-8.86		
-0.07		
1.81		
-3.66		
-10.08		
0.86		
-6.65		
-15.55		
-7.03		
-5.47		
-16.21		
-12.2		
-13.69		
-7.9		
-3.91		
-1.18		
-3.45		
-1.1		
-5.82		
-0.64		
-8.17		
-6.82		
-13.56		
-3.39		
4.86		
-3.6		
-2.02		
-0.63		
-9.36		
-7.31		
-4.43		
-3.64		
-5.23		
-9.22		
-2.47		
-3.07		
-1.31		
1.09		
-11.34		
-11.86		
-10.27		
-10.32		
-13.67		
-6.19		
2.25		
-4.12		
-1.91		
-6.46		
-7.27		
-0.72		
-5.61		
-14.42		
-1.77		
-7.39		
-14.05		
-7.02		
-13.83		
-0.85		
-11.82		
-2.9		
-10.69		
-8.89		
-1.35		
-4.89		
-6.19		
-4.14		
-14.15		
-7.82		
-2.41		
-4.2		
-2.78		
5.95		
-6.36		
-4.43		
-8.8		
-7.09		
-4.2		
-8.83		
-5.29		
-25.8		
0.28		
-5.0		
-4.44		
-1.62		
-2.78		
-13.19		
-0.02		
-4.05		
-0.82		
-3.75		
-11.69		
-3.44		
-12.74		
0.67		
-8.03		
15.04		
-12.86		
-1.61		
-7.45		
-2.96		
-17.58		
-8.02		
-1.68		
-0.65		
5.12		
-14.39		
-2.87		
-5.65		
2.59		
-5.9		
-0.33		
-1.45		
-4.03		
-4.86		
-8.7		
-10.05		
-13.56		
-7.19		
-2.28		
-12.66		
4.3		
-11.59		
-2.81		
-1.88		
-4.82		
-1.0		
-8.65		
-13.77		
-3.88		
-8.3		
-2.83		
-15.03		
-11.59		
-10.9		
-23.71		
-14.16		
-0.65		
-20.01		
-7.6		
0		
-14.73		
-5.0		
-1.06		
-9.01		
-4.96		
-2.18		
0.91		
-7.02		
-6.48		
-4.11		
-10.66		
-3.15		
-5.79		
0.31		
-0.26		
-2.44		
-12.69		
-9.18		
-10.42		
-2.42		
-11.81		
-4.41		
-7.0		
-6.21		
-5.87		
-15.47		
-5.86		
-5.81		
-3.96		
-2.49		
-3.34		
-4.21		
-17.69		
