-4.74		
-3.1		
-3.93		
5.66		
-2.45		
6.76		
4.52		
-0.06		
3.99		
3.46		
-0.6		
-2.25		
0.01		
3.16		
0		
-3.76		
3.39		
2.38		
-1.6		
2.99		
4.11		
0.93		
0.39		
-2.3		
-0.31		
-0.61		
2.68		
0.65		
-2.15		
-0.28		
2.08		
2.02		
-1.16		
0.14		
-1.51		
4.17		
1.68		
1.08		
2.15		
2.09		
2.39		
-3.61		
-0.74		
3.09		
7.58		
-2.54		
1.38		
4.18		
-3.35		
-0.74		
3.31		
-0.14		
3.63		
1.89		
-2.77		
0		
-2.27		
1.97		
0.1		
0.17		
5.05		
0		
1.46		
0.96		
1.71		
2.17		
-3.56		
1.77		
2.5		
0.39		
-4.65		
-5.24		
2.13		
-1.17		
-0.58		
0		
3.31		
-1.11		
8.77		
2.21		
1.33		
-0.6		
-0.53		
-4.12		
0.75		
-1.17		
-0.47		
0.83		
2.24		
7.34		
1.67		
7.14		
4.45		
1.47		
10.8		
0.1		
0		
-0.95		
3.69		
9.76		
3.24		
4.02		
4.02		
1.34		
4.41		
-6.75		
5.9		
1.98		
2.38		
-1.83		
1.23		
-4.49		
2.53		
5.1		
0		
0.46		
-0.79		
-1.68		
9.66		
5.83		
-1.57		
-1.07		
-3.46		
0.28		
6.12		
-1.1		
-2.04		
0.18		
-0.04		
0.23		
-5.26		
-0.38		
3.14		
-2.52		
-0.64		
3.87		
3.79		
3.38		
8.25		
-2.08		
1.76		
-0.74		
-0.3		
1.05		
3.33		
0		
0.49		
8.18		
-0.27		
-3.85		
0.82		
1.23		
5.86		
1.56		
1.2		
-0.82		
-3.98		
1.39		
1.46		
-1.35		
5.34		
-2.13		
5.11		
-0.48		
5.55		
3.12		
-0.1		
13.98		
-1.75		
-3.12		
-5.32		
-0.42		
-2.9		
-3.32		
4.34		
-3.1		
-2.63		
1.59		
-4.33		
-2.85		
0		
-0.6		
8.09		
-3.13		
1.74		
4.48		
2.5		
1.43		
4.95		
-2.5		
-1.31		
1.46		
2.94		
-7.31		
3.09		
5.62		
-0.93		
2.9		
-0.19		
10.18		
-0.53		
6.52		
-0.84		
2.21		
4.91		
9.81		
-2.17		
0.79		
-0.94		
4.68		
2.09		
5.86		
8.26		
3.43		
-1.29		
2.92		
2.43		
4.35		
0.18		
-2.36		
0.34		
-3.74		
-2.17		
-0.63		
-3.5		
5.75		
3.59		
-2.55		
2.83		
2.7		
-1.61		
-0.71		
-0.2		
1.96		
4.25		
6.95		
-2.64		
0.2		
1.61		
0.24		
0.7		
-0.59		
0.86		
4.84		
4.43		
-0.51		
0.29		
6.08		
4.49		
