-1.1		
0.31		
-0.66		
0.29		
-3.29		
-12.38		
0.47		
-1.62		
-5.69		
0.46		
0		
3.85		
0		
-1.04		
-6.04		
-0.67		
-5.96		
0		
-0.43		
0		
11.63		
0.88		
-7.67		
-1.26		
0		
-1.61		
-0.7		
-9.13		
0		
-5.26		
0.38		
0.46		
-3.18		
0		
-7.91		
-1.91		
1.08		
0.03		
-7.21		
2.38		
-17.32		
1.12		
-0.36		
3.26		
2.44		
0		
-9.92		
-2.08		
2.56		
0.97		
-11.38		
-8.16		
0		
0		
12.04		
-2.99		
-0.76		
0.05		
-11.99		
7.37		
-5.82		
-3.13		
1.05		
-2.4		
2.3		
0		
-0.74		
0.15		
-11.43		
0		
-4.87		
-21.49		
0		
-6.81		
-7.31		
0		
-9.97		
-0.11		
0		
-7.18		
-0.04		
0		
-4.48		
2.38		
5.89		
1.43		
-0.68		
1.47		
2.11		
-3.99		
2.32		
-1.53		
3.38		
3.55		
1.91		
0.95		
-1.27		
-2.7		
-5.56		
1.51		
2.27		
1.84		
1.84		
-0.16		
-2.73		
-0.8		
-3.55		
0		
6.14		
9.57		
-3.0		
4.87		
4.19		
-4.62		
-2.97		
3.66		
1.39		
2.52		
0		
3.96		
0		
-8.33		
-2.44		
-5.79		
-0.25		
0		
7.06		
-5.25		
13.93		
1.4		
1.12		
1.02		
-1.95		
4.04		
4.4		
1.35		
2.42		
-1.83		
3.59		
-2.04		
-6.75		
-1.62		
1.74		
0.43		
-0.6		
1.18		
-10.04		
13.45		
4.93		
4.82		
-3.35		
0.44		
0.5		
-2.13		
0.63		
8.01		
-5.73		
1.08		
-0.5		
0.51		
1.03		
-5.44		
1.35		
0.52		
0.78		
-0.31		
0		
-2.86		
0.95		
0		
-4.86		
-2.04		
3.99		
-1.81		
-21.11		
-8.07		
-4.56		
3.74		
-3.53		
-16.03		
-5.97		
-14.61		
0.09		
0.78		
-5.42		
0.44		
0		
-2.8		
-7.72		
-5.97		
-0.39		
-3.55		
-3.61		
0.15		
0.86		
5.59		
-4.7		
-9.56		
-4.58		
0.29		
-4.44		
-1.18		
-10.01		
-2.8		
0		
0.41		
-4.15		
-2.72		
-1.64		
0		
-3.66		
-0.21		
7.67		
-0.4		
-10.24		
1.8		
-12.07		
-1.04		
-6.79		
-4.91		
-16.4		
-0.73		
-2.55		
-6.8		
-4.74		
-1.31		
-3.65		
0		
-10.94		
-9.71		
-3.53		
-3.77		
-5.32		
0		
0.21		
1.29		
-0.12		
-4.9		
-2.78		
-3.27		
0.1		
-1.77		
-3.36		
0		
-5.93		
-1.48		
1.04		
3.74		
5.81		
