-1.39		
6.84		
12.38		
3.64		
-2.77		
-0.64		
-2.34		
0.6		
-0.6		
1.78		
-2.68		
0		
0		
1.29		
1.43		
-0.6		
-0.74		
-4.14		
-1.77		
0		
0.69		
13.81		
8.22		
-0.26		
1.48		
-1.07		
-5.09		
-3.18		
-4.3		
8.12		
0		
0.76		
-0.99		
0.41		
0.05		
-1.73		
-0.96		
0		
1.43		
0		
0.72		
2.19		
5.04		
-0.6		
-2.66		
-4.0		
-3.13		
-1.43		
-0.48		
0		
-2.44		
1.88		
-2.6		
10.35		
3.82		
4.65		
3.08		
0.4		
-2.54		
3.44		
-0.19		
-2.45		
19.06		
1.07		
1.58		
0.6		
2.35		
1.99		
0.73		
0		
1.93		
0		
4.25		
0		
-0.56		
2.1		
0		
-3.85		
-2.5		
-1.33		
3.18		
1.99		
1.99		
-1.6		
4.53		
3.21		
17.03		
0		
1.43		
2.89		
-1.89		
4.7		
0		
1.69		
3.68		
2.7		
-1.38		
2.47		
-1.41		
-0.76		
1.72		
1.91		
-0.01		
1.16		
26.67		
0.62		
1.1		
3.39		
0.92		
3.64		
3.02		
7.38		
2.2		
3.1		
2.86		
5.13		
2.35		
4.69		
6.42		
4.88		
-0.3		
8.55		
0		
4.1		
12.84		
1.83		
0.86		
6.0		
3.01		
0.73		
0.56		
-2.17		
4.66		
-4.89		
-0.09		
1.06		
4.41		
1.55		
5.8		
0.72		
2.71		
0		
-0.44		
3.65		
2.96		
-4.56		
3.24		
0		
-4.44		
-0.93		
4.09		
1.13		
-0.81		
-2.71		
0.91		
1.62		
7.28		
0.06		
3.06		
2.42		
4.86		
4.71		
1.9		
-2.53		
-0.12		
5.46		
11.96		
1.48		
1.43		
-6.19		
0		
0		
4.62		
0		
0		
3.59		
2.23		
-1.48		
0.64		
-5.15		
-1.25		
-3.97		
3.72		
3.49		
6.51		
-1.83		
-0.69		
7.2		
0.37		
2.4		
0		
0		
-2.15		
-0.08		
0.19		
-9.93		
1.07		
-3.83		
1.68		
5.03		
-0.22		
0.94		
2.26		
4.69		
-1.1		
3.73		
-0.46		
0.12		
5.76		
5.92		
-1.46		
-0.38		
-1.07		
4.86		
2.29		
-0.73		
0.89		
5.98		
5.53		
3.86		
1.8		
8.97		
0.25		
0.94		
4.72		
0.57		
1.81		
-2.99		
2.45		
3.61		
4.57		
6.05		
1.13		
6.95		
1.44		
1.43		
-2.02		
-0.08		
0.85		
7.16		
2.46		
1.31		
0		
3.52		
-0.4		
-2.77		
1.34		
0		
0.36		
