0		
-2.02		
0		
0		
-0.95		
0		
0		
0		
0		
-1.07		
0		
-6.26		
0		
0		
0		
0		
0		
0		
0		
0		
-9.45		
0		
0		
0		
0		
0		
0		
-1.45		
0		
0		
0		
0		
0		
0		
0		
0		
0		
0		
0		
0		
0		
0		
0		
0		
0		
0		
0		
0		
0		
0		
-5.22		
0		
0		
0		
0		
0		
0		
0		
0		
0		
0		
0		
0		
0		
0		
0		
0		
0		
0		
-5.47		
0		
0		
0		
0		
0		
0		
0		
0		
0		
0		
0		
0		
0		
0.31		
-2.2		
-0.49		
-2.22		
-2.54		
-2.66		
-15.74		
-0.22		
-4.11		
-2.58		
-5.18		
-13.92		
-19.2		
-15.83		
3.33		
-3.32		
-0.01		
-1.23		
-4.65		
-7.42		
-9.25		
-6.53		
-6.4		
-6.06		
-0.62		
-16.95		
-18.85		
-9.59		
-19.35		
-8.2		
-23.98		
0		
-2.78		
7.42		
2.77		
-10.09		
0.87		
-23.65		
0		
4.61		
-3.46		
0.21		
-6.65		
-11.3		
-2.78		
-6.14		
2.77		
-5.77		
3.28		
-14.5		
-5.54		
-19.55		
0		
1.36		
-14.87		
-5.83		
-4.83		
-1.85		
-9.84		
-7.1		
-5.91		
-18.84		
-3.75		
-9.87		
10.01		
-5.2		
1.53		
3.13		
-16.95		
0		
-16.1		
-6.93		
-8.75		
-22.83		
-14.46		
-0.67		
-11.54		
0.76		
-16.16		
-15.38		
-11.28		
-8.35		
-11.08		
-2.25		
-21.48		
-1.17		
-1.82		
-3.75		
-10.64		
-3.59		
-11.0		
10.04		
-4.26		
-0.74		
-4.47		
-5.59		
-1.56		
-0.65		
-12.3		
-3.71		
-5.35		
-2.93		
-10.18		
2.52		
-4.21		
-8.52		
3.76		
-0.66		
-7.65		
-18.01		
-6.64		
-5.12		
-9.17		
-9.45		
-6.37		
-3.3		
-1.7		
-6.92		
-0.14		
-12.47		
0.92		
-10.76		
-9.0		
-5.59		
-12.5		
-5.33		
3.06		
-2.42		
-9.69		
-10.97		
-2.9		
0.8		
-9.26		
-11.26		
-1.56		
-4.73		
-1.29		
-3.8		
-8.23		
-1.45		
-7.73		
-1.84		
-6.63		
-6.33		
-13.43		
-1.34		
-3.58		
3.14		
-21.06		
-13.59		
1.21		
-17.47		
-1.57		
-11.69		
-2.34		
3.81		
-4.39		
9.13		
0		
0.93		
1.67		
-16.86		
-16.77		
-14.05		
4.48		
-0.01		
