1.22		
1.03		
-7.47		
3.04		
-0.78		
0.73		
2.13		
0		
0		
-0.01		
1.64		
0.3		
-0.62		
1.43		
0.99		
-0.58		
-0.1		
0		
0.03		
0		
0.67		
-0.31		
1.68		
1.68		
2.07		
-2.62		
0.73		
0		
-0.69		
1.64		
1.46		
4.25		
0		
2.92		
0.42		
-0.54		
-0.41		
-1.05		
3.28		
-0.81		
-0.61		
1.82		
0		
0		
-0.04		
0.37		
1.88		
0		
0		
0		
-1.33		
0		
-1.29		
3.81		
3.98		
0		
-1.47		
1.39		
0		
0		
-3.53		
-0.95		
-0.05		
0		
-1.81		
-0.1		
0.63		
0		
1.87		
1.7		
0		
-2.08		
7.13		
0		
0		
2.8		
0		
3.77		
-2.28		
0.43		
0		
1.66		
0.75		
1.23		
1.94		
0		
2.2		
0.35		
2.41		
0		
0		
-0.26		
-0.42		
2.84		
0		
-0.59		
-1.03		
2.45		
0.64		
0		
0.29		
0.06		
-2.79		
3.56		
-1.44		
-0.03		
0		
1.09		
0		
-4.37		
0		
7.34		
1.12		
0.76		
0		
1.43		
0		
1.01		
0		
0.54		
-0.42		
0.11		
4.42		
-0.89		
0		
0.43		
-2.96		
-5.65		
0		
-4.62		
-1.67		
1.37		
0		
1.62		
0		
0.55		
-2.03		
2.82		
3.23		
0		
1.36		
-0.02		
-1.7		
0.14		
0.66		
0		
-2.85		
2.61		
0		
0.63		
-0.45		
0		
0.59		
0.3		
0		
-1.24		
-2.77		
1.49		
0.13		
-0.59		
0		
4.01		
0		
-6.32		
0.72		
0		
-1.67		
0.61		
0		
0		
-1.19		
2.11		
1.01		
0		
0.73		
0		
0.5		
1.64		
-0.93		
0		
0.75		
6.71		
-2.86		
-0.45		
-8.19		
0		
4.17		
0.46		
0		
0.94		
0.35		
-0.17		
0.77		
0		
0		
-0.58		
-2.6		
0.76		
0.13		
0.67		
-2.47		
0.33		
0		
2.46		
-1.89		
1.61		
0		
1.31		
-0.15		
-0.42		
-3.58		
0		
-0.57		
-2.38		
7.1		
0.65		
0		
0.09		
0		
-2.39		
0.11		
2.49		
-3.6		
-2.14		
1.09		
5.18		
1.61		
2.16		
0		
2.91		
0		
-2.38		
0		
0		
1.19		
0		
-2.87		
-0.54		
0		
0		
-1.38		
-8.02		
2.3		
0		
0.57		
0		
1.45		
3.27		
-0.27		
