2.94		
-1.12		
7.35		
-4.36		
17.24		
5.8		
2.04		
3.39		
-1.01		
6.76		
1.29		
-1.06		
1.15		
0		
8.23		
1.02		
0		
3.01		
7.4		
1.68		
5.96		
4.07		
4.87		
-0.76		
0		
9.08		
3.05		
4.99		
3.15		
13.84		
6.35		
2.31		
3.08		
0.44		
10.93		
0		
1.29		
1.82		
1.26		
16.38		
4.65		
-2.19		
4.89		
0		
-0.32		
-0.16		
8.49		
2.34		
1.44		
3.64		
4.39		
12.77		
1.34		
1.97		
-2.0		
5.39		
0.64		
1.28		
9.99		
11.12		
11.09		
2.57		
8.36		
-2.26		
0.05		
4.85		
0		
1.55		
11.02		
6.53		
16.17		
0.6		
1.46		
-8.18		
0.6		
15.91		
2.52		
0.57		
5.21		
7.36		
2.03		
6.9		
8.56		
-1.66		
-6.43		
1.97		
-1.86		
2.04		
0.75		
7.67		
6.15		
11.7		
6.55		
1.13		
-1.61		
5.14		
-1.4		
-2.29		
0.62		
-3.66		
10.58		
12.01		
0		
-3.32		
3.99		
2.28		
6.93		
-2.07		
8.26		
-0.16		
0.89		
3.1		
5.09		
7.46		
1.33		
-0.52		
4.43		
-3.95		
1.43		
1.6		
-0.88		
-5.63		
0.98		
15.81		
7.2		
2.39		
1.0		
0.59		
0		
-0.21		
11.2		
-1.43		
0.47		
-1.86		
-4.0		
-3.26		
-3.82		
-0.42		
0.08		
0		
-0.29		
1.28		
-0.12		
-3.83		
0		
0		
-1.04		
3.44		
-1.32		
-2.45		
1.59		
1.2		
-16.74		
0		
2.02		
1.26		
1.61		
1.91		
-0.82		
-1.25		
-8.14		
-1.61		
2.35		
-2.67		
0.1		
-5.15		
-1.13		
3.9		
15.53		
9.68		
1.48		
1.94		
0.02		
0		
0		
0		
1.58		
0		
10.57		
1.36		
8.05		
1.5		
-0.93		
4.93		
22.8		
0		
1.68		
15.24		
4.53		
-0.14		
0.75		
0.59		
1.93		
10.35		
2.96		
10.73		
0.33		
3.2		
3.42		
0.52		
0.19		
1.22		
0.37		
1.54		
0.08		
-0.43		
0		
0.25		
2.81		
1.61		
6.85		
0.76		
0		
7.62		
8.08		
0		
8.74		
0.96		
0.46		
6.83		
4.91		
20.05		
9.92		
6.54		
2.0		
17.92		
-1.77		
2.71		
4.06		
6.16		
-0.86		
9.79		
6.38		
0.61		
-3.9		
0.23		
3.8		
2.39		
6.96		
18.68		
-2.02		
1.96		
4.99		
4.75		
-2.96		
0		
2.04		
1.27		
0.28		
