-4.91		
-4.97		
-7.11		
0.99		
-1.25		
-10.11		
-7.13		
-9.54		
-2.22		
-7.92		
-3.16		
-3.6		
2.53		
1.0		
-3.98		
-11.65		
-12.57		
-15.84		
-8.3		
2.06		
-5.03		
-7.72		
-7.59		
-4.32		
-3.39		
-9.61		
-0.48		
-2.35		
-5.69		
-3.05		
-9.08		
-2.44		
1.5		
-11.98		
-6.08		
-5.94		
-8.07		
-16.1		
-14.81		
-10.51		
-3.92		
-6.9		
-8.84		
-3.31		
-15.98		
-0.36		
-10.14		
4.11		
-5.23		
-3.34		
-3.73		
4.99		
-3.21		
-6.41		
-0.84		
-14.94		
-7.92		
-5.38		
-4.72		
-3.89		
1.14		
-1.46		
-1.67		
-5.19		
-2.37		
-5.75		
5.0		
0.1		
-13.73		
-7.91		
-8.27		
-3.09		
-9.04		
-10.87		
0.57		
-4.8		
-5.05		
-18.09		
17.74		
-1.62		
-6.02		
0.64		
-5.05		
6.09		
0.8		
-2.5		
6.4		
-1.71		
4.44		
3.83		
1.81		
3.84		
0.41		
-0.93		
11.14		
-3.19		
1.64		
3.02		
1.54		
6.25		
-0.36		
-0.39		
2.27		
4.41		
-0.81		
0.19		
2.07		
-4.7		
-0.9		
-0.69		
3.76		
0.78		
7.58		
-7.34		
18.15		
1.81		
1.24		
0.07		
-0.61		
4.29		
6.0		
5.32		
1.48		
-0.31		
2.66		
0.17		
-0.75		
0.98		
-2.02		
0.83		
-0.99		
4.52		
-6.38		
-4.04		
3.53		
2.63		
-0.3		
3.23		
-1.15		
-10.34		
2.1		
-0.47		
-1.01		
-3.09		
0		
3.43		
-5.29		
-2.97		
0.88		
5.92		
5.67		
0.11		
-1.43		
-7.08		
1.61		
3.0		
-0.15		
0		
12.85		
-0.12		
0.75		
4.88		
-2.17		
1.18		
0		
-3.59		
0.1		
1.53		
0.04		
-0.0		
-1.47		
4.43		
-0.44		
0.26		
-0.05		
0.65		
1.22		
-0.7		
-12.3		
-3.7		
-3.0		
2.5		
-1.78		
-0.16		
-2.71		
3.63		
4.23		
1.74		
-1.01		
-4.5		
8.69		
5.47		
-4.5		
1.21		
-3.11		
3.2		
-1.0		
-2.85		
-2.97		
2.52		
-0.07		
1.71		
-1.25		
-2.59		
-1.15		
12.57		
4.46		
-3.87		
1.6		
-9.99		
3.11		
2.31		
1.71		
-3.5		
-11.2		
-0.98		
2.51		
1.43		
-3.59		
1.13		
1.24		
2.12		
-4.49		
5.52		
0.11		
6.84		
-3.65		
-5.37		
-1.15		
-15.94		
3.5		
6.17		
0.21		
-1.56		
-1.97		
-1.33		
-1.27		
4.13		
0.25		
2.32		
-4.18		
0		
3.95		
-4.39		
-0.71		
0.27		
-0.13		
2.72		
5.25		
