-8.49		
1.99		
0.07		
2.73		
0		
0.43		
-0.52		
-1.3		
-1.38		
0.03		
-0.54		
0		
0.97		
1.0		
4.72		
1.68		
-0.79		
1.72		
-4.54		
0.13		
2.45		
-7.04		
0		
0		
2.57		
-2.33		
1.57		
0		
-11.86		
-6.03		
-0.6		
4.32		
-0.99		
-1.04		
0.97		
3.39		
-0.06		
7.67		
-0.43		
5.75		
-2.29		
2.35		
4.02		
-0.79		
0.74		
2.39		
4.57		
-2.83		
1.99		
3.22		
7.02		
-4.91		
-1.48		
-2.8		
-4.2		
-3.53		
-1.28		
-0.84		
4.4		
2.29		
0		
-4.44		
2.13		
3.29		
-0.98		
-4.59		
-3.57		
0.91		
-1.52		
0		
10.77		
-0.12		
3.36		
2.26		
-0.74		
-3.56		
0.13		
2.46		
-2.22		
-1.62		
-21.32		
6.8		
1.47		
-2.67		
-0.06		
7.77		
-1.17		
-0.18		
-2.4		
6.19		
3.99		
-0.65		
2.12		
-3.66		
-0.27		
0.16		
-0.43		
3.62		
-1.48		
-2.56		
1.12		
-1.13		
6.94		
-12.12		
3.26		
1.24		
-1.77		
-2.1		
0		
-0.05		
11.21		
-2.14		
3.07		
0		
-1.5		
2.13		
4.95		
-8.16		
0.83		
-1.73		
6.54		
-1.24		
4.71		
-2.09		
0.65		
3.47		
2.43		
3.0		
6.76		
-0.74		
-1.93		
0		
-2.71		
-4.56		
-1.13		
-1.25		
-0.15		
2.79		
-9.17		
-3.01		
-1.68		
-0.92		
2.15		
-3.5		
2.05		
5.12		
5.2		
-3.68		
-5.57		
1.83		
0		
4.86		
-0.25		
-3.54		
6.76		
0.82		
3.54		
7.02		
-2.47		
2.45		
5.51		
0.27		
-3.24		
3.17		
-0.98		
8.99		
1.91		
1.95		
-6.01		
0.64		
-0.39		
6.66		
1.46		
-3.04		
-4.39		
7.01		
-0.71		
2.13		
12.15		
-5.71		
0.93		
0.68		
-3.67		
3.1		
2.5		
7.44		
5.29		
-8.07		
0		
3.9		
-3.53		
-3.11		
2.53		
-3.27		
-3.79		
-9.47		
0.23		
0		
1.69		
2.57		
0.69		
1.43		
-3.2		
-4.66		
0.05		
-1.89		
6.1		
2.4		
6.04		
2.39		
-6.02		
-11.08		
0.36		
-2.63		
-0.77		
0.53		
10.94		
1.68		
1.37		
-0.52		
-2.11		
-0.03		
3.91		
2.56		
0.16		
1.99		
-11.85		
6.76		
-1.17		
11.08		
1.0		
1.17		
2.7		
2.02		
2.33		
0.97		
9.56		
3.28		
2.29		
0.59		
-2.82		
1.42		
3.11		
3.53		
-7.21		
-7.4		
0		
-4.74		
1.93		
