0.25		
2.25		
3.04		
13.94		
-5.2		
-2.48		
1.22		
0		
2.06		
-0.25		
0		
-3.86		
1.79		
2.26		
-9.09		
-1.36		
-0.33		
-2.52		
-0.36		
-0.77		
-1.78		
-0.82		
-1.9		
-3.5		
3.97		
-0.38		
-2.31		
-1.94		
13.28		
-4.11		
-4.39		
0		
-0.68		
-6.35		
-5.99		
0.05		
-0.23		
0		
2.89		
-2.49		
2.11		
-3.22		
0.65		
-1.7		
0		
0.19		
0		
0.76		
0		
-8.63		
-3.26		
-10.24		
-9.78		
4.81		
16.79		
0		
0		
-1.72		
-1.43		
3.56		
-0.83		
1.69		
3.43		
-4.0		
-5.26		
0.42		
-0.78		
0.67		
-6.19		
0		
-2.18		
-1.13		
-1.33		
0		
-0.39		
-9.13		
-2.13		
4.02		
0		
-4.06		
0		
-0.71		
37.7		
-7.3		
0		
-5.51		
-3.76		
0.64		
-0.99		
2.99		
-8.72		
-13.09		
-0.34		
0.21		
7.29		
0		
-9.84		
-0.35		
-5.71		
-20.51		
0		
-0.3		
0		
-4.86		
0		
0		
-13.04		
-21.64		
0		
0		
1.02		
0		
-17.97		
0		
0.81		
0		
6.32		
-10.28		
-11.03		
0		
-3.66		
-9.44		
-11.69		
0		
-0.24		
-1.66		
-0.37		
0		
0		
0		
-2.69		
-0.45		
-4.95		
0		
-4.47		
-3.0		
-14.37		
0		
0		
-3.96		
-7.72		
-3.25		
-9.09		
-4.08		
-0.03		
1.45		
-0.07		
6.52		
-1.08		
-7.06		
2.08		
-7.23		
0.41		
0.39		
-3.43		
-6.39		
-4.58		
-22.56		
-17.81		
-4.12		
-8.19		
-4.18		
-4.49		
-12.91		
1.93		
-2.38		
-13.36		
-13.65		
-0.88		
-4.75		
-7.34		
-10.15		
0		
0.67		
-2.57		
0.06		
-18.0		
-4.98		
0		
-6.78		
-4.81		
-8.07		
9.83		
-11.19		
0		
-26.62		
-8.14		
7.35		
3.82		
-4.69		
-4.15		
-3.37		
3.37		
-4.48		
0		
-1.61		
-13.96		
-22.5		
1.05		
-1.48		
0		
-0.46		
-10.55		
2.37		
-21.36		
0		
-29.94		
0		
0		
-0.95		
-19.45		
-4.51		
-22.56		
-7.71		
-17.42		
0.01		
-5.07		
-9.72		
-16.59		
0		
-6.01		
-8.67		
-15.69		
2.8		
-0.63		
-7.75		
0		
0		
0		
-7.32		
0.36		
-3.65		
-2.62		
-18.4		
-21.63		
-9.04		
-23.98		
0		
0.32		
-1.84		
-3.77		
-5.42		
0		
0.6		
-25.03		
-9.64		
2.63		
-6.52		
-8.22		
