3.6		
0.37		
0.56		
0.54		
-1.01		
1.74		
-0.92		
3.87		
-1.01		
4.58		
0.45		
7.14		
2.33		
-3.07		
-4.37		
1.28		
3.99		
-6.47		
-2.18		
5.02		
0		
4.41		
-9.32		
-0.28		
-0.19		
-2.04		
3.27		
2.9		
-2.73		
4.9		
-2.62		
-5.49		
0.97		
2.4		
0.92		
0		
0.3		
-0.47		
0.51		
3.98		
1.0		
0		
-2.9		
-0.66		
-0.06		
-1.72		
-1.26		
-5.65		
18.53		
0.64		
-3.54		
-2.76		
-1.13		
-1.54		
-9.3		
-2.64		
-1.84		
1.87		
0.82		
1.05		
3.59		
1.82		
1.59		
-4.01		
2.6		
-1.44		
-4.42		
-3.29		
3.88		
1.71		
1.03		
-7.94		
1.35		
1.19		
-3.67		
-0.77		
2.86		
2.99		
0.6		
4.89		
8.28		
1.33		
-1.3		
0		
0.56		
-6.36		
0		
-6.97		
0.19		
0		
0		
0		
0		
7.22		
0		
1.05		
2.1		
-0.66		
-3.73		
0		
1.26		
3.46		
-1.35		
-3.35		
0		
-24.61		
0		
0		
-7.21		
0		
-5.94		
-1.43		
-3.04		
0		
-0.73		
0		
-7.01		
-9.24		
0		
-7.44		
-35.08		
0.43		
-8.45		
9.87		
0		
0		
-17.33		
-2.66		
-7.63		
0		
-4.03		
-6.05		
-1.5		
0		
-1.81		
-0.98		
-19.84		
-3.65		
0		
-4.59		
0		
-1.35		
-7.23		
-14.48		
1.0		
0		
1.8		
0		
0.98		
0		
0		
0		
-0.03		
-7.31		
-8.34		
-4.77		
-10.9		
-7.55		
-4.92		
0		
-3.29		
0.15		
-6.35		
0		
-0.73		
0		
0.04		
-2.36		
9.73		
10.01		
-1.1		
-0.39		
-2.12		
3.48		
1.13		
6.87		
4.29		
-2.21		
0.74		
-0.23		
0.68		
-3.04		
11.95		
3.73		
2.58		
-2.34		
-5.25		
-0.18		
0		
1.41		
5.64		
-1.65		
12.85		
1.97		
2.87		
1.5		
6.69		
-3.43		
0.19		
12.36		
2.21		
1.05		
2.03		
0.44		
5.87		
0.04		
2.38		
0.23		
-1.84		
0.38		
-8.65		
-6.69		
3.45		
2.97		
4.58		
-1.36		
2.93		
0.92		
1.47		
1.92		
0		
9.33		
0.46		
5.31		
9.3		
2.46		
-1.55		
3.22		
-0.98		
4.79		
0.7		
3.62		
4.31		
-4.05		
0		
-1.14		
-0.49		
1.78		
8.55		
7.94		
-0.45		
4.87		
-0.92		
0.47		
2.62		
-3.26		
-3.84		
-2.68		
3.35		
