0		
3.27		
0		
0		
0		
-0.36		
0		
0		
0		
0		
0		
0.07		
-1.65		
-0.29		
-1.89		
0		
2.94		
-3.87		
0.18		
0		
-0.83		
-0.44		
-4.63		
0		
6.78		
-0.98		
0		
-0.29		
0.79		
0.31		
0		
9.53		
0		
3.14		
1.67		
2.23		
0		
-0.29		
0		
24.75		
0		
1.33		
-4.98		
3.84		
3.22		
-0.29		
2.17		
0		
-0.29		
0.76		
-0.42		
-0.98		
0		
1.34		
0		
0.2		
0		
1.17		
0		
0		
0.39		
0		
-1.03		
0		
0.49		
0		
4.66		
0		
0.18		
4.37		
-6.61		
2.51		
0		
0		
-1.74		
0		
0.51		
7.61		
-5.03		
6.46		
2.25		
0		
0		
0		
0		
0		
0		
-1.07		
0		
0		
1.59		
0		
0		
9.31		
0		
-4.07		
-0.98		
-3.58		
-1.46		
1.07		
0		
-0.29		
2.4		
1.66		
3.94		
0		
-1.35		
-0.98		
-2.33		
0.56		
0.3		
-2.69		
0		
-4.31		
0		
0		
-4.18		
0		
1.49		
0.52		
10.7		
-5.15		
0		
0.83		
0		
0		
0.56		
-4.22		
0		
0		
0		
-1.95		
-0.17		
3.49		
0		
-0.4		
2.57		
-0.29		
-3.19		
4.07		
-0.95		
0		
-5.5		
0		
-1.52		
4.94		
0.88		
5.79		
-14.34		
0		
2.43		
0.37		
0		
0		
9.63		
-0.56		
0.31		
0		
0		
2.94		
-4.49		
0.4		
0		
-1.71		
-0.44		
-2.77		
-1.14		
3.59		
-1.98		
2.4		
0		
0		
-3.79		
-0.48		
0		
3.59		
1.63		
-3.06		
0		
-0.87		
-5.61		
-0.06		
0		
0		
11.29		
0		
2.13		
0		
0		
-2.96		
2.46		
0		
-0.13		
3.28		
2.66		
0		
4.32		
9.24		
9.56		
0		
0		
0.1		
0.53		
0		
-0.22		
-0.27		
0		
0		
0		
3.97		
0		
5.99		
0		
-0.48		
6.74		
3.68		
0		
0		
0		
0		
0		
1.84		
-0.3		
0		
0		
0		
0		
-1.06		
1.96		
0		
2.98		
0.87		
6.51		
0		
2.22		
-1.93		
4.49		
1.11		
7.71		
1.11		
0.31		
-5.85		
0.94		
2.64		
0.05		
-0.54		
-0.84		
0		
1.12		
