8.11		
-7.67		
1.13		
14.55		
2.79		
14.57		
-1.1		
3.74		
-10.65		
-0.35		
16.73		
22.54		
13.99		
11.66		
6.61		
-5.45		
-7.66		
-7.87		
8.53		
6.58		
-5.28		
2.76		
5.61		
0.52		
-5.73		
-0.93		
7.21		
-9.06		
-4.99		
5.5		
-2.89		
0.31		
2.78		
-3.94		
5.18		
4.66		
-11.31		
2.04		
3.65		
0.45		
-4.15		
7.01		
8.5		
-1.87		
-0.69		
-5.75		
4.75		
-4.36		
-4.43		
-1.21		
3.77		
9.49		
-3.51		
-0.71		
4.12		
11.41		
-3.68		
-4.42		
5.59		
-3.89		
-16.57		
-7.34		
-8.28		
-11.57		
-11.97		
6.18		
-3.1		
-16.23		
-15.06		
-2.89		
-4.19		
7.18		
-3.24		
-9.96		
-16.83		
-34.47		
-3.08		
-0.53		
-2.4		
-8.58		
6.58		
-1.83		
-9.98		
