2.45		
1.04		
5.2		
3.11		
0.33		
0.79		
-0.26		
7.65		
5.9		
2.12		
-13.83		
15.63		
6.68		
2.79		
8.39		
0.27		
5.8		
19.51		
-1.57		
2.02		
2.72		
1.99		
5.7		
4.35		
-0.58		
1.52		
8.94		
13.18		
-12.36		
-0.42		
-11.55		
-12.52		
-2.24		
-4.97		
-7.31		
-9.77		
-7.09		
-3.71		
-20.16		
0		
-38.51		
-53.03		
-6.05		
-25.92		
-0.87		
-8.71		
-0.9		
-2.18		
-17.39		
-0.74		
-11.83		
-5.79		
-7.91		
1.83		
-6.32		
-2.5		
10.16		
-1.71		
5.76		
-0.75		
0.04		
-4.05		
30.19		
7.31		
-1.17		
-4.46		
0.36		
-2.28		
5.76		
1.06		
-18.1		
16.14		
3.57		
6.27		
1.8		
5.63		
-3.16		
0.92		
-11.21		
7.41		
0.41		
-4.66		
-4.23		
