1.19		
14.3		
-18.3		
-9.67		
-0.35		
3.68		
-8.04		
3.48		
1.54		
-10.15		
-12.51		
-1.89		
-2.22		
-0.35		
-0.59		
-0.41		
-12.73		
-15.4		
0.2		
-1.93		
2.45		
1.08		
-12.46		
2.98		
0.67		
10.15		
-3.7		
-5.11		
-5.37		
-11.64		
6.62		
6.08		
6.33		
-4.89		
1.65		
9.4		
2.69		
5.49		
-0.19		
-1.69		
16.85		
0.25		
13.45		
3.9		
1.41		
2.83		
4.64		
-1.88		
-17.27		
1.74		
4.13		
-2.54		
-11.41		
5.97		
-7.6		
11.66		
-22.37		
-9.56		
12.99		
10.1		
-0.12		
-0.48		
5.62		
8.3		
5.64		
9.07		
7.06		
7.9		
4.24		
3.37		
1.08		
6.92		
-5.85		
-11.61		
-0.48		
-3.43		
-9.06		
-3.95		
-9.11		
5.06		
6.09		
6.96		
-7.8		
