24.25		
18.62		
9.94		
8.29		
7.02		
13.91		
7.5		
18.18		
18.01		
4.36		
11.42		
11.75		
18.28		
20.57		
-3.09		
15.84		
48.49		
13.06		
-1.25		
10.62		
41.72		
9.02		
3.4		
3.71		
5.91		
8.2		
0.83		
33.86		
14.49		
10.08		
-4.04		
19.87		
18.0		
26.59		
14.44		
13.05		
11.92		
43.72		
8.99		
26.8		
19.88		
5.11		
8.05		
19.02		
25.42		
6.34		
13.89		
27.92		
9.54		
21.57		
20.42		
69.28		
6.43		
16.22		
36.43		
3.02		
6.67		
4.85		
0.6		
12.5		
1.34		
1.16		
-5.51		
6.17		
13.15		
9.03		
24.22		
3.62		
2.78		
14.07		
9.24		
7.36		
9.65		
25.74		
5.31		
11.95		
10.54		
6.83		
7.66		
1.45		
19.03		
12.37		
1.04		
