12.99		
13.64		
51.32		
5.83		
21.82		
23.35		
25.46		
0.93		
14.32		
11.42		
15.11		
12.47		
2.26		
22.38		
24.56		
16.81		
0.49		
11.82		
30.64		
11.42		
6.56		
9.28		
2.5		
17.09		
22.89		
-1.47		
0.21		
7.98		
3.28		
8.93		
2.56		
-2.74		
9.24		
33.33		
14.53		
18.45		
21.54		
5.79		
28.05		
11.68		
3.85		
0.46		
3.34		
3.54		
20.15		
5.53		
3.42		
7.35		
13.88		
14.24		
12.81		
10.88		
3.6		
18.49		
1.72		
8.32		
-2.48		
18.92		
-0.18		
0		
1.31		
26.35		
11.05		
4.61		
19.94		
6.81		
15.61		
0.3		
12.14		
5.98		
3.48		
12.69		
8.21		
4.54		
9.25		
4.09		
4.86		
7.62		
5.07		
9.27		
11.94		
1.78		
1.74		
