9.8		
7.72		
12.36		
-2.6		
1.08		
5.57		
10.78		
-9.35		
6.98		
0.97		
12.17		
-3.71		
7.82		
11.07		
-4.49		
-3.32		
15.56		
4.48		
21.84		
10.12		
-3.6		
-1.42		
5.21		
-6.57		
4.98		
-3.32		
0.98		
8.85		
31.25		
12.69		
24.46		
-2.16		
16.94		
24.82		
0.95		
3.2		
11.87		
6.18		
34.2		
10.56		
9.65		
39.27		
13.26		
6.8		
18.84		
22.45		
3.73		
2.59		
9.72		
18.09		
24.53		
14.0		
19.74		
4.29		
12.99		
4.61		
-0.13		
1.04		
0		
0.89		
2.94		
-0.79		
6.95		
0.06		
-2.54		
-2.99		
3.96		
1.68		
2.67		
-0.22		
1.55		
1.2		
5.37		
15.85		
-3.21		
2.87		
11.35		
1.02		
0.07		
0		
-1.01		
-0.22		
2.32		
