13.39		
1.68		
6.32		
6.75		
1.33		
3.16		
-0.24		
16.02		
0.78		
16.89		
26.21		
-0.11		
2.7		
0.82		
0.08		
17.81		
10.92		
1.08		
9.99		
3.56		
10.4		
3.91		
8.03		
-0.93		
15.36		
0.95		
0		
4.3		
18.64		
5.77		
21.9		
21.0		
4.69		
4.5		
11.39		
12.75		
15.57		
22.79		
16.33		
30.71		
16.78		
4.04		
29.59		
13.97		
16.14		
12.74		
10.43		
21.47		
18.69		
29.29		
2.17		
12.9		
13.36		
11.84		
-2.97		
16.41		
6.04		
1.75		
18.34		
12.55		
6.22		
9.23		
1.57		
9.89		
5.76		
6.07		
5.95		
8.08		
12.14		
7.3		
-6.34		
11.08		
13.77		
9.77		
9.61		
3.63		
-3.11		
10.54		
11.38		
-0.19		
16.36		
15.41		
7.16		
