13.16		
3.51		
4.47		
-0.31		
8.04		
-3.19		
19.4		
1.06		
-12.59		
-1.21		
0.9		
-0.91		
-13.04		
-4.27		
-4.48		
7.19		
-16.13		
3.91		
3.49		
1.1		
-2.8		
8.64		
10.17		
-6.39		
0.86		
8.13		
-7.58		
8.39		
10.87		
-3.87		
-9.13		
11.83		
-15.51		
-4.29		
0.35		
5.73		
3.54		
3.68		
2.14		
-12.47		
16.79		
13.33		
-4.31		
0.49		
-4.67		
-1.12		
-1.13		
-4.18		
0.49		
-2.64		
-0.65		
-21.59		
6.77		
-26.0		
0.74		
-5.07		
6.14		
-9.34		
-9.19		
-2.5		
5.14		
-11.69		
14.21		
-15.27		
-8.41		
-28.21		
-1.84		
-3.39		
-8.38		
-3.76		
-3.16		
-1.95		
-3.0		
-19.13		
-3.98		
1.56		
-8.49		
-5.3		
-15.91		
2.46		
-3.15		
4.52		
-22.03		
