-6.99		
29.54		
6.0		
11.38		
25.52		
7.6		
4.26		
2.33		
-3.6		
23.7		
8.17		
-1.3		
10.1		
20.18		
-2.28		
-0.98		
-5.53		
-0.16		
4.3		
0.44		
4.99		
13.46		
1.93		
-9.06		
-0.96		
-2.73		
18.4		
15.33		
-1.32		
12.63		
0.15		
-0.79		
1.05		
3.94		
6.67		
0.42		
1.36		
0.54		
4.25		
3.21		
5.43		
-2.6		
1.21		
1.88		
-11.67		
17.32		
-12.72		
7.73		
13.48		
-3.59		
7.95		
3.95		
0.45		
-11.76		
-2.32		
10.68		
3.97		
-17.43		
1.79		
1.24		
7.96		
2.07		
-5.47		
-4.79		
-1.92		
7.12		
8.13		
3.83		
7.72		
-14.69		
-3.87		
5.47		
0.86		
-0.3		
2.15		
5.01		
-11.54		
-12.46		
8.93		
-0.32		
7.15		
-4.85		
1.48		
