4.48		
12.96		
0.36		
-12.08		
7.12		
-8.86		
-3.93		
15.18		
5.54		
-4.83		
-5.41		
3.71		
-2.13		
-0.68		
-6.69		
3.8		
10.1		
6.99		
-9.41		
13.69		
6.89		
-8.8		
-3.68		
7.98		
-1.94		
3.26		
-2.46		
9.61		
1.48		
1.59		
11.72		
-14.9		
-1.12		
-3.7		
-6.07		
8.64		
-6.43		
-8.45		
4.5		
3.34		
15.69		
2.52		
-17.35		
2.5		
-7.64		
3.18		
2.63		
0.76		
16.27		
34.85		
-1.76		
8.81		
-6.63		
8.75		
6.65		
-9.43		
-0.78		
-2.97		
-7.15		
-3.66		
-7.45		
0.13		
-12.36		
7.81		
-0.32		
1.53		
3.32		
-3.1		
-23.3		
-7.29		
0.89		
-2.18		
2.14		
-10.84		
-1.74		
-1.06		
-0.17		
-0.37		
-0.39		
2.41		
2.29		
-0.13		
-0.1		
