-1.23		
-9.67		
3.01		
-6.17		
-14.76		
-9.11		
-6.38		
-14.91		
-16.86		
-28.55		
-25.57		
0.41		
-19.59		
-5.92		
0.5		
-12.72		
-16.48		
-4.69		
-10.19		
-12.87		
-7.22		
0.0		
-2.33		
-14.15		
3.63		
-15.89		
-3.85		
-24.12		
-0.75		
-18.7		
-2.4		
-36.15		
-19.85		
-15.42		
-8.52		
-26.41		
-17.01		
-1.17		
-21.81		
-3.51		
-17.73		
-29.15		
-7.46		
-26.02		
-25.79		
-42.71		
-8.31		
-14.67		
-50.58		
-25.29		
-1.03		
-65.92		
-22.92		
-18.52		
4.76		
-7.12		
-8.64		
-19.09		
13.32		
-29.99		
-1.49		
6.54		
-29.18		
-44.85		
-4.59		
-39.19		
6.09		
-17.44		
3.22		
-29.66		
-14.42		
-9.07		
-11.84		
-9.45		
-23.31		
-2.55		
10.17		
-3.45		
-1.86		
-37.01		
-7.24		
-24.42		
-2.98		
