4.26		
2.52		
1.9		
21.44		
-2.92		
-1.24		
11.89		
5.42		
14.55		
8.61		
11.09		
-0.62		
5.81		
6.98		
-1.62		
-7.64		
5.48		
-11.53		
-1.39		
-1.03		
-9.53		
-0.31		
13.07		
-1.84		
18.51		
4.56		
1.66		
-1.27		
-3.45		
5.3		
-2.18		
5.11		
-2.44		
4.05		
3.89		
8.2		
8.47		
9.64		
-3.88		
7.09		
-1.03		
-3.0		
7.46		
15.86		
1.48		
1.47		
18.26		
-0.82		
3.17		
-4.06		
1.44		
-3.45		
2.42		
-1.11		
-0.34		
-5.11		
-18.55		
-1.2		
12.73		
-1.01		
-3.12		
10.21		
-2.58		
-6.71		
4.23		
-1.72		
-7.11		
-2.24		
2.77		
-1.63		
-0.16		
3.68		
-4.83		
1.29		
1.95		
4.39		
18.44		
-7.18		
0.9		
9.69		
-0.74		
5.33		
-1.7		
