-4.85		
46.25		
-1.83		
6.08		
10.71		
-4.48		
-4.56		
28.89		
6.9		
15.48		
-0.65		
12.54		
-0.14		
-3.05		
-17.33		
3.64		
2.4		
-0.11		
0.55		
5.55		
9.18		
0.86		
-16.34		
2.8		
14.32		
-11.91		
14.92		
-19.27		
-8.44		
-4.49		
4.12		
0.8		
-4.81		
2.96		
2.51		
-3.91		
-7.55		
-5.71		
-4.04		
-4.36		
-9.86		
-12.6		
4.6		
-11.97		
-0.94		
-19.39		
-5.08		
-0.78		
-6.15		
4.13		
0.66		
-8.4		
-6.37		
5.52		
-0.18		
33.27		
-1.28		
-1.6		
0		
-4.18		
-1.0		
-0.64		
-1.83		
-4.35		
8.31		
-0.34		
-2.21		
5.51		
-18.22		
3.06		
-6.29		
-3.28		
16.0		
-8.65		
-9.49		
7.56		
-2.21		
-2.64		
-1.39		
0.94		
-3.48		
-1.57		
-0.19		
