0.41		
13.33		
4.74		
10.23		
-1.24		
0.28		
12.02		
19.78		
9.83		
6.47		
-6.44		
11.1		
-3.96		
4.22		
-0.05		
-3.16		
-4.39		
9.48		
-0.57		
-0.79		
-5.64		
0.37		
1.99		
0.68		
4.74		
0.35		
4.15		
-5.71		
-4.76		
8.61		
-22.16		
-4.4		
-6.13		
-20.42		
-15.18		
-3.64		
-9.27		
-8.43		
-6.86		
-12.2		
-7.98		
0.24		
-14.82		
7.16		
-9.07		
-14.58		
-11.41		
-19.37		
1.31		
-4.99		
-11.14		
-11.46		
-12.81		
-9.89		
1.04		
-21.13		
1.11		
-11.67		
-13.97		
10.07		
0.39		
2.72		
1.95		
4.3		
-11.29		
-2.8		
-1.88		
2.63		
5.85		
2.04		
10.03		
9.47		
-5.39		
6.01		
2.85		
-9.88		
-2.07		
-2.22		
0.99		
10.25		
2.86		
-12.31		
-3.94		
