1.27		
14.52		
6.52		
-1.97		
21.39		
2.3		
9.25		
2.22		
9.01		
-3.89		
11.32		
-2.94		
0.28		
0.03		
1.95		
1.93		
6.07		
-0.31		
17.43		
5.97		
15.23		
13.12		
18.01		
-8.24		
2.64		
-1.21		
29.63		
4.15		
5.55		
20.94		
8.84		
12.02		
11.43		
18.27		
11.63		
6.65		
16.2		
9.49		
6.06		
7.17		
10.8		
25.19		
1.56		
-17.76		
-3.09		
7.46		
-0.98		
1.74		
-5.61		
0.96		
1.2		
13.68		
-2.87		
-12.98		
-13.4		
-10.74		
-4.05		
16.57		
-4.35		
-5.8		
-6.25		
-3.18		
-5.66		
-6.61		
-0.72		
-1.18		
-2.08		
-2.93		
-19.67		
-9.17		
19.07		
-7.77		
-20.19		
-2.45		
-5.34		
-14.66		
-5.89		
-22.74		
-12.4		
-0.24		
-2.0		
-0.07		
-3.79		
