5.25		
8.72		
-4.91		
-2.58		
-1.18		
1.01		
15.05		
-0.2		
0.36		
-1.03		
0.81		
1.54		
-1.34		
3.65		
-2.7		
0.74		
-6.15		
3.19		
-2.8		
6.09		
5.7		
-6.32		
5.17		
0.78		
8.88		
-5.98		
9.72		
13.02		
-1.9		
13.53		
9.1		
-5.41		
-10.09		
-3.0		
1.02		
-2.79		
-8.25		
5.85		
9.89		
4.39		
2.95		
-7.52		
-2.58		
-2.98		
7.82		
0.96		
-8.05		
4.51		
-1.28		
-0.82		
6.56		
3.11		
-0.74		
-8.69		
14.06		
-3.46		
-3.89		
2.36		
1.98		
2.99		
2.77		
7.34		
-1.43		
-6.5		
20.28		
-4.85		
0.43		
3.93		
9.17		
1.24		
-7.12		
3.68		
-1.9		
3.6		
-1.09		
3.34		
5.15		
2.65		
1.86		
5.05		
7.57		
3.02		
1.1		
