2.96		
-2.25		
-1.84		
-3.84		
-1.48		
15.86		
9.6		
3.18		
-16.15		
-1.78		
10.93		
4.24		
8.07		
6.09		
2.42		
-3.79		
3.67		
1.49		
10.04		
-1.04		
2.53		
-0.78		
-2.28		
10.33		
13.91		
8.67		
-5.77		
-5.44		
0.13		
4.11		
5.39		
2.85		
3.45		
5.18		
11.16		
6.33		
11.84		
7.74		
-0.01		
2.49		
8.68		
-3.2		
-2.67		
22.67		
0.65		
-3.03		
3.79		
9.34		
9.63		
5.7		
-3.22		
7.87		
-3.31		
5.83		
2.98		
4.43		
-0.6		
0.26		
3.47		
-0.58		
9.56		
2.05		
-6.69		
0.25		
5.7		
3.16		
4.86		
7.46		
-2.53		
5.24		
-8.99		
0.38		
1.87		
4.19		
0.32		
9.95		
-2.86		
4.49		
5.67		
3.94		
4.44		
2.56		
3.33		
