6.43		
6.23		
5.55		
7.14		
-9.7		
1.92		
7.17		
-9.08		
-1.39		
7.89		
-7.04		
7.97		
-6.11		
-6.44		
9.76		
0.98		
9.55		
3.93		
-9.59		
-1.48		
-1.65		
-2.43		
0.8		
1.68		
-9.36		
-5.82		
3.53		
2.78		
-4.08		
1.22		
-3.85		
-4.16		
-7.98		
-3.16		
-6.76		
-2.1		
-8.92		
-11.81		
3.85		
-9.98		
-1.35		
9.46		
-12.56		
-9.46		
-3.75		
1.45		
2.05		
-1.57		
-3.03		
-1.29		
2.86		
-8.82		
-2.87		
-5.13		
8.51		
-3.5		
8.4		
-6.46		
-22.6		
2.31		
-10.05		
-3.01		
-6.58		
9.79		
7.21		
-8.71		
-4.04		
0.17		
-14.23		
6.41		
-4.75		
-5.38		
9.13		
-6.77		
-2.18		
-14.93		
1.44		
-8.43		
-3.42		
1.15		
8.95		
5.57		
-3.12		
