-11.11		
1.83		
1.08		
-4.36		
10.84		
-2.21		
-0.06		
-13.69		
-8.21		
-2.14		
8.16		
-1.17		
-3.32		
-0.78		
7.13		
1.3		
-2.56		
-7.32		
-1.98		
2.83		
4.28		
-2.24		
5.67		
7.48		
-7.98		
-10.39		
-1.77		
-6.58		
-1.71		
-3.61		
17.65		
4.48		
5.89		
2.46		
3.98		
2.37		
-2.32		
-1.71		
1.01		
8.05		
1.29		
4.71		
6.82		
0.97		
1.0		
5.77		
-1.45		
0		
3.06		
2.64		
0.66		
3.19		
2.64		
0.68		
-3.17		
2.3		
9.06		
0.87		
1.82		
10.02		
-0.55		
2.93		
0.14		
3.61		
8.27		
-2.83		
-0.24		
3.77		
9.26		
1.03		
2.47		
-2.82		
4.42		
-1.52		
-2.04		
0.48		
6.32		
2.24		
11.15		
6.73		
2.98		
2.35		
4.42		
