-15.89		
3.68		
2.53		
10.66		
-1.83		
-17.34		
-0.42		
-16.97		
9.34		
0.42		
7.12		
2.55		
1.85		
-2.95		
-2.62		
10.74		
1.29		
8.33		
-1.68		
-5.03		
-3.15		
5.71		
-7.98		
-16.9		
11.01		
-17.3		
2.1		
-2.49		
5.08		
-0.02		
2.52		
2.53		
9.16		
3.17		
-5.43		
-3.29		
-0.73		
19.68		
-0.39		
-14.46		
6.49		
4.79		
4.61		
3.12		
9.08		
-6.69		
4.67		
5.36		
-2.02		
-7.13		
-7.38		
1.73		
1.49		
-3.73		
-1.88		
-1.49		
1.53		
-18.15		
-5.59		
11.36		
2.84		
-10.88		
-10.15		
-15.54		
-5.85		
2.12		
-3.3		
7.46		
16.35		
-13.15		
-9.4		
-0.67		
8.34		
-4.23		
-2.4		
0.04		
-1.05		
-15.98		
3.62		
-2.52		
-6.24		
-7.41		
-7.57		
