-18.21		
1.36		
-20.72		
-18.99		
-20.68		
-13.95		
7.09		
0.82		
-8.47		
-12.54		
4.66		
-26.3		
-8.98		
-22.66		
-91.01		
-6.4		
-0.21		
-8.53		
-11.12		
-18.1		
-13.93		
-19.69		
-11.77		
2.16		
-2.65		
-8.72		
-27.42		
-16.3		
-21.13		
4.11		
-0.37		
-12.05		
-6.83		
-20.65		
-0.08		
-14.6		
2.52		
-7.83		
1.94		
-3.19		
-1.43		
-4.1		
-15.69		
-16.97		
-3.82		
1.82		
1.96		
-10.28		
-4.8		
-9.49		
-17.95		
-8.69		
-24.15		
-22.81		
-10.47		
-3.37		
-16.32		
-1.92		
-13.72		
-15.69		
-8.04		
-20.47		
-16.86		
-4.19		
-8.28		
0.18		
-15.01		
-8.42		
7.95		
-9.36		
-4.54		
-1.17		
0.16		
-6.64		
-32.02		
-5.02		
-9.08		
-20.73		
-9.57		
6.92		
2.55		
-19.67		
-9.39		
