5.7		
-0.9		
2.44		
7.4		
-0.79		
13.54		
5.86		
7.93		
-7.76		
5.07		
0.38		
2.45		
-0.67		
13.03		
10.12		
13.84		
-9.57		
8.18		
19.72		
-6.36		
-1.97		
21.27		
0		
-12.48		
2.84		
14.19		
1.74		
2.29		
-16.54		
1.82		
-2.09		
3.11		
-13.01		
-12.68		
-10.31		
-5.17		
5.02		
-8.09		
0.52		
-3.59		
-5.5		
2.69		
-3.7		
-3.05		
-3.88		
-0.54		
0.26		
7.88		
-1.21		
-2.33		
-11.86		
-4.12		
-2.91		
1.74		
3.84		
0.4		
0		
0		
0		
0		
0		
0		
0		
0		
0		
0		
-1.07		
0		
0		
0		
0		
0		
0		
0		
0		
0		
0		
-1.9		
0		
0		
0		
0		
1.43		
0		
0		
0		
0		
