-7.31		
-9.23		
21.3		
-1.89		
-0.83		
6.52		
-28.96		
-25.1		
-2.46		
-9.64		
-6.12		
-9.56		
-2.69		
-6.18		
-7.12		
11.65		
-1.88		
-9.48		
-4.58		
-6.06		
-2.02		
22.1		
-10.71		
-7.34		
58.92		
55.29		
7.36		
-12.84		
-2.38		
-3.96		
-1.07		
-6.59		
3.81		
-0.8		
2.05		
-0.42		
8.79		
1.87		
2.66		
-1.86		
3.8		
3.74		
-5.39		
0.95		
-0.93		
-1.06		
-0.99		
-2.74		
-0.37		
-2.97		
5.31		
-0.36		
0		
0		
-0.05		
3.83		
4.15		
1.49		
-3.67		
-4.38		
7.13		
-0.6		
-1.05		
0.08		
-5.61		
1.2		
2.64		
-1.01		
-10.73		
-10.84		
-9.28		
-4.96		
0.77		
3.44		
7.61		
-1.84		
2.55		
-4.7		
-2.86		
7.6		
5.88		
-3.04		
-3.39		
