7.73		
7.89		
10.06		
0.61		
7.43		
7.1		
0.2		
0.9		
1.17		
3.32		
-5.66		
3.39		
2.75		
-1.31		
-0.86		
0.45		
-12.79		
-3.3		
1.3		
3.14		
-2.85		
4.12		
7.45		
12.11		
-1.48		
0.15		
1.76		
4.33		
9.93		
-8.19		
7.38		
3.0		
4.92		
13.26		
11.44		
3.09		
11.88		
10.49		
10.44		
8.24		
28.38		
-0.02		
6.96		
17.6		
3.22		
9.88		
3.21		
14.46		
-20.39		
8.17		
10.54		
5.38		
6.19		
1.35		
3.68		
1.56		
5.28		
6.32		
2.16		
1.16		
9.78		
9.46		
3.28		
14.74		
16.65		
3.11		
4.43		
-1.47		
10.68		
2.61		
13.33		
14.33		
5.6		
-1.71		
8.81		
9.08		
-10.2		
10.76		
7.29		
11.42		
10.87		
6.87		
12.32		
