17.56		
-5.84		
12.89		
11.02		
12.6		
4.05		
8.8		
5.69		
-2.86		
26.1		
5.08		
-2.3		
4.34		
1.6		
-2.93		
17.71		
-2.28		
0.16		
0.0		
7.97		
-0.38		
1.12		
4.35		
-2.63		
26.0		
27.55		
1.41		
10.35		
-3.05		
-4.39		
0.4		
13.43		
10.35		
-6.17		
0.59		
3.09		
5.1		
5.78		
-6.36		
-4.34		
11.02		
6.45		
8.78		
-2.56		
2.17		
10.36		
10.26		
14.77		
9.84		
-3.93		
-0.34		
-2.4		
3.64		
-0.68		
-3.66		
-8.24		
14.11		
22.64		
10.63		
-3.37		
-9.2		
1.34		
7.21		
8.87		
5.94		
10.45		
16.31		
10.71		
16.65		
5.11		
11.43		
23.53		
8.91		
42.84		
6.06		
14.86		
8.89		
19.67		
11.33		
4.62		
17.78		
2.36		
12.48		
