11.16		
2.78		
-1.06		
0.03		
0.81		
-5.91		
7.13		
-13.96		
-11.95		
2.98		
-1.13		
-7.46		
5.53		
9.28		
-1.83		
4.57		
4.07		
0.11		
-3.6		
-19.07		
1.09		
-0.04		
7.79		
2.13		
5.7		
2.7		
0.08		
-0.5		
-8.98		
-1.68		
4.46		
-0.35		
4.32		
-10.28		
3.8		
-2.65		
4.49		
12.08		
-4.01		
1.78		
-14.53		
-12.37		
-5.44		
3.45		
21.1		
-3.98		
-16.91		
-18.12		
-1.17		
-4.06		
-8.21		
-7.93		
14.99		
-10.18		
4.13		
-4.07		
-2.38		
-5.36		
4.5		
-3.13		
6.05		
-9.38		
2.55		
-1.45		
4.97		
0.59		
-0.45		
4.99		
-8.09		
3.63		
-3.08		
-4.12		
7.29		
-17.83		
-1.84		
-3.78		
-8.2		
-0.97		
9.71		
-0.14		
2.38		
-4.43		
-13.21		
