-33.07		
-13.02		
-13.53		
-15.9		
-31.21		
-20.41		
-12.19		
-22.28		
-20.25		
-16.71		
-16.32		
-13.98		
-13.0		
-8.44		
-15.15		
-6.33		
-17.62		
-27.84		
-26.22		
-5.33		
-11.18		
-7.07		
6.05		
-19.12		
-24.43		
-18.25		
-15.52		
-0.72		
-9.46		
-8.32		
9.13		
-6.74		
-12.73		
-13.34		
-8.84		
-18.93		
-6.67		
-4.69		
-5.23		
-15.64		
-6.6		
-6.89		
3.92		
0.54		
5.93		
-19.04		
0.66		
13.99		
-9.99		
-2.24		
-13.79		
3.71		
-27.4		
-4.77		
-7.38		
-11.62		
0.82		
-21.24		
-20.15		
-8.82		
-15.35		
-17.36		
-0.42		
-1.11		
-18.47		
-14.29		
-15.61		
-1.07		
-17.08		
-6.94		
-23.44		
-13.64		
-13.09		
-3.77		
-4.13		
-7.77		
-7.69		
-22.46		
-2.39		
-10.4		
3.78		
-11.86		
-19.42		
