10.47		
2.25		
7.53		
5.42		
4.54		
-5.74		
4.8		
2.29		
5.67		
11.05		
-6.65		
12.07		
-5.7		
1.34		
-4.78		
5.35		
2.1		
4.78		
4.22		
9.09		
10.73		
4.21		
-2.87		
-10.16		
-1.2		
0.53		
1.42		
4.16		
0.09		
-14.21		
6.97		
7.18		
-9.36		
-11.19		
4.19		
-13.8		
-3.98		
-7.1		
-10.78		
-9.73		
-7.59		
-22.65		
-11.81		
-17.07		
3.55		
-7.52		
-5.65		
-5.2		
-9.22		
-8.93		
-8.68		
-5.78		
0.32		
-8.95		
-5.19		
4.09		
2.61		
7.29		
-2.36		
5.46		
6.22		
2.29		
0.91		
3.06		
1.31		
5.12		
-1.4		
3.22		
-6.54		
4.2		
-1.69		
-0.3		
4.83		
4.49		
4.33		
10.28		
1.15		
0.3		
2.43		
14.27		
-5.61		
5.69		
5.34		
