5.81		
11.12		
6.22		
0.41		
2.78		
5.27		
-2.05		
-2.22		
-3.97		
19.47		
-2.09		
8.19		
8.63		
1.35		
6.75		
4.57		
-17.89		
7.1		
-1.54		
3.14		
-0.53		
1.88		
20.08		
6.08		
8.6		
9.33		
9.42		
15.1		
13.02		
6.13		
3.25		
3.8		
8.74		
3.16		
-3.48		
-2.39		
12.9		
12.96		
11.54		
-3.62		
8.1		
5.16		
7.34		
1.64		
0.97		
9.51		
1.62		
0.81		
4.86		
4.8		
-2.58		
1.84		
-2.32		
4.8		
12.26		
-0.28		
7.88		
13.7		
8.33		
18.05		
6.04		
11.24		
7.65		
5.77		
-0.02		
23.79		
6.37		
3.11		
3.82		
-1.59		
1.57		
13.01		
6.08		
11.69		
0.69		
8.24		
3.54		
4.39		
7.78		
6.98		
17.63		
11.14		
11.04		
