-0.24		
0.17		
-6.48		
1.72		
-11.32		
-10.0		
9.95		
-9.58		
-3.09		
0.66		
5.98		
-4.56		
0.58		
18.39		
23.77		
14.08		
0.58		
5.32		
-7.79		
11.18		
7.43		
7.32		
5.54		
12.52		
5.96		
-7.42		
8.41		
6.11		
13.71		
16.1		
9.22		
4.27		
-0.54		
11.78		
-0.44		
0.5		
-5.89		
-2.76		
-2.62		
-3.41		
-3.1		
30.36		
-1.06		
12.49		
-13.86		
3.48		
-2.58		
11.87		
-6.61		
0.93		
5.71		
16.48		
0.67		
16.33		
2.08		
19.84		
-0.62		
-24.56		
-8.71		
9.31		
16.2		
0.45		
16.77		
13.7		
-4.63		
-5.42		
2.28		
-3.56		
4.69		
-3.68		
3.11		
11.24		
1.6		
-10.72		
14.8		
-2.96		
8.68		
15.39		
7.73		
10.68		
15.01		
3.07		
-7.43		
