2.38		
-3.36		
2.36		
-2.64		
8.32		
-0.6		
9.57		
4.27		
-0.81		
-1.17		
3.56		
0.29		
2.11		
13.39		
-1.35		
20.77		
6.16		
0.88		
4.34		
2.79		
22.82		
7.16		
1.49		
10.8		
3.89		
1.12		
5.76		
18.89		
1.19		
-8.27		
1.91		
10.4		
8.17		
-1.32		
-0.09		
2.12		
-4.03		
7.67		
0.8		
0.3		
0.85		
1.69		
1.15		
5.26		
2.85		
2.68		
4.64		
-1.05		
1.59		
19.12		
-0.77		
0.09		
-0.21		
0.35		
10.52		
5.05		
-0.64		
0.35		
2.58		
2.81		
3.27		
-1.77		
-15.05		
3.4		
26.31		
2.54		
-1.97		
-8.68		
-6.01		
0.37		
-1.05		
-3.19		
-0.32		
2.11		
-3.13		
2.71		
0.26		
2.65		
3.59		
-1.59		
24.27		
5.77		
10.14		
