3.3		
10.42		
4.14		
4.57		
-2.92		
4.91		
9.41		
-3.89		
0.7		
-1.63		
11.12		
10.52		
-1.88		
2.53		
0.03		
5.3		
12.21		
-0.44		
9.29		
10.62		
3.88		
1.56		
3.92		
-4.39		
2.22		
5.53		
15.86		
-0.19		
7.47		
8.14		
6.71		
-4.03		
5.36		
16.28		
3.24		
7.06		
-1.74		
-1.0		
-8.88		
2.19		
-3.17		
-0.69		
1.29		
10.42		
20.13		
3.95		
-18.84		
-4.73		
2.52		
11.22		
0.25		
6.75		
22.15		
-2.06		
9.06		
-1.61		
3.83		
3.62		
2.91		
-0.42		
4.08		
0.35		
15.35		
-3.28		
3.48		
-0.9		
9.81		
1.42		
1.29		
-4.11		
10.0		
11.5		
16.36		
4.62		
-8.02		
7.97		
-1.84		
12.64		
2.04		
7.39		
0.51		
19.2		
6.99		
