4.83		
-2.08		
5.94		
11.71		
-3.33		
6.4		
2.28		
0.22		
13.53		
-1.15		
8.95		
-2.25		
10.35		
3.48		
6.48		
15.56		
5.2		
1.34		
-5.71		
15.51		
9.47		
-2.21		
2.17		
-3.21		
10.8		
6.49		
4.62		
-2.62		
0.98		
4.62		
-2.5		
-4.3		
-3.13		
3.44		
-0.53		
-8.66		
-6.12		
4.1		
-0.1		
-3.97		
-2.94		
1.94		
1.68		
-2.89		
-6.3		
-2.37		
1.0		
-4.24		
-6.31		
-0.5		
1.89		
4.95		
-2.55		
-6.55		
-3.15		
1.11		
2.98		
-9.09		
-0.09		
2.0		
-2.82		
-9.64		
4.0		
8.7		
-3.94		
0.63		
1.09		
-0.22		
-2.34		
-3.11		
0.8		
8.03		
-0.43		
0.2		
1.39		
0.41		
1.81		
3.24		
-0.89		
3.89		
3.81		
4.07		
4.53		
