4.78		
0.64		
2.09		
0.52		
4.91		
-1.49		
-7.25		
-0.94		
5.96		
-8.06		
4.05		
11.28		
3.93		
3.41		
8.24		
8.12		
0.58		
4.13		
6.4		
12.22		
-4.99		
-1.03		
7.62		
3.91		
-1.34		
18.33		
0.61		
-1.97		
-0.69		
5.98		
0.58		
3.99		
-1.35		
7.65		
-5.07		
10.53		
3.49		
8.82		
8.27		
-0.29		
3.24		
-6.56		
0		
-5.74		
5.09		
7.84		
8.18		
3.34		
-8.91		
0.88		
0.52		
-1.47		
-0.62		
-2.04		
-5.56		
1.92		
0.76		
5.88		
-2.37		
19.49		
0.24		
0.75		
12.47		
4.61		
1.21		
-0.35		
5.49		
12.38		
-3.5		
-0.87		
-2.39		
9.36		
4.57		
12.64		
0.44		
-5.15		
1.54		
-1.18		
1.03		
-4.05		
10.67		
3.8		
-3.95		
