-3.45		
0.95		
8.35		
9.76		
3.61		
9.3		
6.42		
-0.49		
5.42		
1.09		
7.75		
-2.95		
-6.95		
8.79		
10.45		
-2.32		
0.1		
0.03		
-2.33		
4.87		
-0.25		
19.79		
0.04		
6.34		
15.44		
6.93		
-4.86		
1.22		
5.73		
4.71		
8.59		
11.45		
-0.45		
-0.03		
6.0		
-0.9		
10.11		
7.71		
5.11		
13.88		
9.75		
5.23		
0.38		
3.98		
6.7		
-2.63		
2.09		
2.91		
6.64		
10.78		
8.55		
6.35		
9.2		
13.44		
2.09		
0.26		
5.34		
-8.89		
1.35		
3.27		
-4.41		
10.01		
0.96		
6.77		
3.45		
1.75		
15.12		
3.35		
0.8		
0.67		
4.66		
4.65		
4.13		
1.22		
-0.42		
2.38		
0.8		
0.58		
4.41		
8.16		
-0.81		
-2.89		
-0.57		
