7.42		
3.65		
5.96		
1.89		
2.69		
0.4		
-8.25		
4.53		
-4.61		
-2.7		
0.84		
-9.99		
7.48		
-11.64		
-7.46		
0.29		
7.94		
0.74		
-4.33		
-1.26		
-2.77		
-5.14		
-1.83		
1.82		
-4.05		
2.86		
0.62		
-0.88		
-0.43		
10.82		
11.35		
5.43		
19.29		
9.15		
3.99		
-3.47		
7.18		
-5.46		
-6.11		
-1.58		
7.26		
-8.85		
7.78		
1.85		
-3.54		
1.53		
6.18		
1.31		
2.03		
15.01		
-8.03		
3.56		
4.72		
0.36		
13.57		
0.02		
13.53		
2.2		
0.64		
-0.03		
-3.45		
11.76		
2.51		
-4.76		
1.19		
-11.18		
3.82		
0.38		
-1.76		
2.37		
14.75		
11.1		
7.93		
-0.84		
-0.53		
12.3		
1.97		
8.63		
2.71		
-8.47		
7.38		
4.94		
11.14		
