5.4		
10.5		
0.65		
11.16		
-0.87		
3.06		
-2.4		
6.9		
-1.93		
2.16		
-1.13		
-0.62		
4.1		
6.48		
3.69		
3.96		
-4.11		
4.31		
4.95		
4.96		
-11.43		
-0.76		
-7.24		
-0.67		
-3.25		
4.1		
8.9		
12.42		
-4.17		
-1.77		
4.38		
7.8		
-1.77		
10.18		
-7.32		
8.94		
-0.82		
-0.86		
6.71		
-3.93		
6.11		
9.12		
-13.07		
-9.12		
2.12		
0.8		
-0.81		
-7.04		
1.17		
0.02		
7.6		
-3.82		
-6.39		
0.6		
-0.46		
-5.12		
2.35		
-20.39		
-0.3		
-2.28		
-6.39		
1.26		
8.06		
-1.36		
1.16		
-5.83		
-4.86		
-1.21		
-0.11		
-10.29		
-14.39		
1.48		
2.12		
-4.69		
-8.34		
-5.97		
-1.2		
-0.15		
-5.09		
-7.52		
-3.89		
-7.17		
-15.17		
