12.83		
28.95		
5.14		
6.9		
6.0		
13.18		
4.47		
25.34		
6.99		
10.96		
10.1		
6.54		
14.68		
9.63		
20.46		
29.18		
-1.34		
30.67		
10.43		
12.69		
7.02		
26.6		
12.54		
10.21		
9.95		
13.52		
35.6		
16.77		
4.08		
-12.61		
1.2		
-12.67		
4.15		
0		
9.6		
3.35		
4.6		
-10.78		
16.93		
6.04		
6.47		
2.31		
19.05		
0		
13.74		
2.03		
2.14		
-2.85		
-2.76		
-2.76		
-10.19		
0		
-3.46		
0		
7.12		
6.16		
4.16		
0.57		
7.84		
16.96		
8.82		
13.11		
-0.42		
7.05		
3.42		
17.15		
4.06		
14.83		
-15.77		
-2.37		
-3.81		
3.13		
11.05		
7.47		
5.81		
6.81		
8.82		
25.93		
18.16		
12.69		
3.05		
1.57		
21.75		
