1.89		
-0.22		
6.3		
6.41		
0.56		
-0.53		
-2.25		
1.43		
3.09		
6.14		
3.22		
0.61		
-8.11		
-1.8		
-0.07		
7.26		
6.88		
4.76		
3.46		
-1.02		
10.38		
15.85		
-1.56		
4.17		
10.31		
4.17		
4.61		
-0.52		
0.68		
11.72		
-0.55		
-1.82		
4.76		
8.04		
6.16		
4.73		
-6.17		
-5.03		
1.72		
2.6		
9.35		
0.94		
-2.32		
-0.13		
5.91		
3.71		
-1.55		
-1.03		
9.18		
3.26		
7.69		
0.88		
2.44		
2.58		
0.86		
1.6		
4.63		
4.75		
6.67		
22.2		
1.88		
-2.32		
-4.77		
9.21		
1.23		
14.03		
6.97		
0.46		
4.68		
1.54		
2.87		
0.35		
5.73		
3.08		
-0.39		
7.09		
6.54		
3.01		
10.7		
0.14		
3.59		
0.17		
3.3		
