2.74		
-2.38		
-2.67		
2.91		
-2.73		
5.0		
-8.9		
1.82		
-4.37		
2.85		
1.13		
-3.01		
3.1		
2.6		
-2.29		
-8.52		
-1.14		
3.13		
7.55		
0.36		
-3.08		
1.99		
3.49		
6.06		
2.08		
3.2		
12.11		
2.96		
-0.64		
-4.96		
-1.73		
-3.26		
1.45		
1.18		
5.84		
3.41		
-0.56		
1.11		
12.38		
6.24		
0.52		
2.53		
3.22		
-0.28		
7.01		
2.4		
-5.83		
8.17		
6.68		
2.24		
5.37		
3.85		
3.29		
1.71		
3.55		
-2.15		
-0.02		
1.43		
1.34		
-1.31		
2.75		
6.91		
1.13		
9.65		
-0.42		
4.31		
6.67		
1.48		
2.93		
0.84		
4.81		
3.95		
4.41		
10.74		
1.44		
0.88		
9.7		
2.02		
2.29		
22.14		
5.11		
0.73		
2.01		
