-2.4		
12.36		
8.01		
2.03		
4.54		
-0.38		
0.29		
-6.41		
-11.53		
-0.43		
3.32		
-0.85		
2.67		
2.91		
14.7		
8.51		
0.76		
-2.12		
3.59		
11.75		
6.5		
14.49		
12.35		
-4.7		
-0.69		
8.54		
4.93		
6.52		
11.03		
4.73		
5.96		
3.28		
7.75		
-3.19		
2.93		
6.81		
10.66		
10.37		
7.56		
3.85		
6.41		
7.64		
3.45		
11.45		
20.73		
-1.62		
0.99		
4.23		
6.03		
17.0		
1.98		
12.76		
4.56		
6.01		
26.51		
0.46		
4.18		
6.1		
-1.98		
6.07		
1.41		
-7.04		
6.64		
7.16		
-1.54		
9.66		
7.64		
-1.42		
2.58		
5.25		
6.66		
-4.75		
-1.26		
1.57		
-1.42		
7.8		
10.51		
1.44		
6.37		
-8.39		
15.34		
5.85		
10.55		
