9.18		
8.44		
9.15		
7.13		
-10.83		
0.28		
2.64		
1.32		
7.54		
-2.86		
1.14		
-0.67		
3.24		
2.03		
14.11		
12.93		
-0.42		
-0.16		
1.33		
6.38		
9.29		
5.53		
9.64		
7.43		
4.17		
-3.32		
-1.68		
-14.44		
-1.42		
21.12		
9.4		
5.29		
1.19		
1.07		
9.14		
4.67		
22.6		
26.81		
2.9		
-5.41		
5.44		
5.33		
-0.22		
2.24		
9.67		
1.84		
2.64		
4.79		
5.84		
-1.36		
14.91		
0.96		
2.95		
-5.28		
27.68		
1.99		
13.58		
1.96		
0.47		
6.73		
-8.6		
3.87		
8.78		
-6.21		
7.02		
-7.18		
1.33		
1.38		
9.73		
4.03		
0.06		
-0.61		
-2.84		
9.58		
7.21		
-0.58		
5.78		
0.66		
10.67		
-0.05		
14.96		
3.06		
0.45		
