3.51		
2.4		
-2.89		
1.24		
3.45		
0.23		
5.78		
-16.09		
4.36		
6.98		
2.84		
13.11		
6.3		
-2.79		
11.84		
5.64		
5.16		
-3.68		
11.46		
2.56		
-0.97		
6.53		
9.87		
-4.36		
1.23		
5.69		
-8.05		
2.59		
-3.65		
-5.92		
6.23		
1.27		
3.78		
4.02		
2.78		
2.11		
3.37		
4.89		
4.48		
6.31		
5.63		
11.3		
-1.29		
2.32		
-2.7		
3.28		
-0.35		
9.79		
-0.39		
1.42		
0.4		
8.02		
4.59		
-1.06		
4.96		
2.51		
0.55		
0.03		
5.4		
-0.35		
-0.23		
1.24		
2.29		
16.8		
3.46		
-0.36		
8.55		
8.08		
5.14		
2.95		
0.59		
0.68		
11.33		
7.8		
3.81		
0.5		
0.63		
11.62		
-5.06		
5.98		
7.59		
2.93		
7.82		
