2.48		
0.5		
-5.29		
8.23		
5.42		
-0.43		
4.79		
5.14		
8.73		
1.57		
6.84		
4.85		
1.61		
-2.09		
13.7		
-1.99		
2.08		
11.79		
4.66		
7.7		
-5.55		
8.59		
-0.77		
9.34		
5.38		
-5.4		
3.52		
-4.98		
1.47		
-3.09		
4.64		
3.59		
3.02		
-3.44		
0.59		
-3.37		
-2.77		
-7.99		
5.05		
0.64		
-1.81		
4.34		
0.85		
0.47		
-3.01		
11.13		
4.17		
5.85		
10.31		
2.58		
5.64		
5.38		
11.39		
-2.97		
-5.1		
3.67		
-4.6		
5.79		
10.99		
-1.11		
2.29		
-1.65		
-3.39		
-6.69		
1.83		
7.51		
-4.24		
8.61		
3.55		
2.94		
4.48		
3.83		
6.85		
0.97		
5.76		
5.63		
11.43		
0.32		
-4.2		
-0.77		
6.37		
-3.28		
-1.44		
