-8.37		
-0.46		
3.41		
1.21		
1.75		
-7.37		
-5.8		
-2.05		
-8.21		
4.87		
4.81		
2.28		
-0.97		
7.08		
7.04		
0		
-0.65		
-3.8		
-6.03		
1.65		
0		
0.32		
13.98		
-3.16		
11.03		
-0.02		
-5.02		
-3.17		
-3.53		
3.15		
-0.21		
-6.37		
5.5		
-6.51		
3.54		
-3.45		
1.39		
-10.68		
-6.14		
10.23		
-4.68		
-9.87		
-10.83		
0.37		
-0.77		
2.02		
-2.48		
-2.65		
2.86		
0		
2.43		
-12.93		
0		
-3.84		
-1.62		
-12.32		
-6.46		
-6.48		
-3.47		
6.28		
-8.6		
6.7		
-5.77		
-3.67		
-1.25		
-6.29		
5.55		
-6.81		
-4.29		
-1.22		
0.28		
-4.72		
-6.89		
-2.27		
1.68		
-0.35		
-8.17		
-1.07		
1.34		
1.9		
-1.15		
-11.5		
0.02		
