-1.49		
-7.64		
-2.35		
-2.46		
-0.85		
2.57		
-6.9		
-7.03		
5.43		
-5.58		
-1.21		
1.48		
-7.39		
-13.79		
1.17		
-3.15		
0		
-1.63		
-8.98		
0		
-4.44		
-18.51		
-8.49		
-1.27		
-0.83		
-7.58		
0		
-25.86		
-7.68		
-11.62		
6.11		
-8.62		
-26.68		
5.99		
2.82		
4.06		
5.44		
-20.96		
-7.9		
0.88		
-7.37		
4.0		
-0.98		
-6.96		
-16.43		
-1.91		
-3.35		
14.42		
-6.92		
-4.67		
-7.67		
-0.84		
0		
-4.07		
-1.07		
6.3		
26.28		
-17.43		
-18.12		
3.53		
-2.82		
12.41		
11.54		
5.92		
4.79		
10.51		
2.72		
13.87		
-0.35		
18.71		
27.7		
14.34		
11.8		
9.49		
1.42		
-0.18		
15.98		
18.2		
8.71		
-1.7		
11.94		
3.69		
-0.02		
