0.53		
-2.9		
1.9		
7.95		
8.98		
10.16		
2.04		
-3.75		
6.67		
-2.53		
-0.31		
-7.2		
1.69		
-2.45		
-0.14		
-0.48		
-2.79		
-0.51		
4.65		
10.9		
3.34		
-1.14		
0.11		
-2.62		
2.77		
-0.24		
7.76		
2.85		
6.23		
0.97		
3.57		
17.82		
1.68		
3.44		
0.92		
-1.91		
13.23		
0.58		
-0.32		
0.23		
14.91		
12.44		
0.8		
8.25		
11.29		
6.12		
0.94		
2.65		
3.78		
1.63		
12.46		
1.36		
7.75		
10.67		
11.39		
3.81		
-9.0		
2.46		
2.76		
5.37		
5.44		
-4.19		
-1.15		
3.13		
-3.76		
-6.18		
2.43		
0.75		
-1.36		
-0.44		
1.72		
-3.28		
-1.16		
-4.64		
-1.1		
-0.62		
7.38		
-6.22		
-3.24		
6.28		
6.51		
1.98		
-4.88		
