8.55		
2.24		
13.19		
1.8		
6.15		
7.89		
9.5		
6.73		
-0.93		
-1.24		
4.72		
7.49		
5.31		
0.84		
9.23		
6.17		
-17.1		
0.59		
1.42		
16.13		
24.0		
-1.0		
3.49		
8.57		
0.18		
2.28		
6.16		
0.93		
11.82		
1.83		
2.76		
1.29		
3.65		
2.78		
10.89		
10.98		
12.0		
2.69		
16.01		
1.89		
19.53		
2.3		
5.83		
1.59		
7.47		
1.45		
-11.67		
-3.79		
5.18		
21.19		
3.59		
4.89		
-1.5		
8.95		
6.74		
3.05		
2.27		
10.19		
0.68		
2.97		
5.96		
5.4		
2.27		
8.64		
6.92		
-0.43		
6.29		
9.12		
5.14		
10.45		
2.79		
11.4		
10.45		
6.7		
-1.39		
-0.65		
14.22		
6.25		
5.39		
6.88		
13.94		
12.1		
2.76		
