2.78		
6.57		
11.67		
7.31		
17.32		
4.18		
1.93		
16.15		
1.49		
-8.27		
2.88		
-15.49		
0.94		
19.41		
-1.37		
9.81		
-0.52		
-6.82		
5.79		
-3.2		
1.93		
-11.49		
17.14		
2.61		
3.66		
4.81		
2.42		
6.67		
19.42		
7.87		
-2.45		
-0.11		
-2.78		
-0.19		
1.74		
19.93		
-12.68		
22.52		
-2.13		
21.05		
11.87		
8.61		
1.48		
4.72		
-1.58		
0.71		
11.87		
-1.68		
0.57		
4.25		
10.31		
18.11		
1.02		
-1.32		
14.12		
2.13		
1.02		
-0.25		
5.74		
10.49		
-1.42		
-8.11		
-4.9		
-1.56		
0.45		
6.97		
4.49		
7.38		
-2.84		
16.18		
3.31		
-5.23		
7.6		
10.2		
18.84		
-21.12		
-1.43		
1.64		
2.49		
1.51		
0.85		
10.21		
7.93		
