-4.72		
2.73		
1.66		
7.34		
-0.12		
4.97		
2.02		
-2.93		
-7.98		
0.5		
2.1		
-1.57		
-6.3		
0.09		
5.58		
-0.06		
1.06		
1.96		
-3.45		
8.47		
-2.09		
-7.98		
5.27		
10.58		
4.05		
10.38		
3.25		
5.51		
1.99		
-2.69		
6.59		
-4.63		
-2.35		
-4.79		
2.67		
6.91		
-9.97		
0.88		
9.1		
-8.5		
-1.52		
4.59		
-4.18		
3.5		
-12.72		
-1.13		
-0.96		
0.5		
1.37		
0.55		
6.05		
-0.06		
4.61		
2.05		
0		
6.45		
8.73		
2.89		
3.42		
-6.73		
2.1		
1.89		
-0.32		
16.45		
9.89		
-0.04		
-3.23		
2.48		
8.13		
-2.28		
1.08		
4.09		
-1.99		
7.4		
2.22		
18.32		
-2.92		
8.3		
0.33		
0.74		
2.21		
-0.69		
3.22		
