-11.3		
-3.57		
12.54		
-7.02		
0.69		
7.43		
20.32		
-17.23		
-12.82		
-2.27		
-7.56		
-21.95		
-4.04		
1.6		
-5.7		
-27.15		
-0.34		
-14.68		
0.31		
14.36		
9.37		
0.57		
0.28		
-5.81		
9.87		
-8.55		
-2.14		
-14.86		
3.65		
-2.83		
-11.08		
7.31		
-5.63		
4.7		
-3.05		
0.02		
6.25		
7.17		
8.31		
11.38		
0.12		
-8.81		
13.99		
3.72		
-0.22		
-3.74		
-1.33		
-5.94		
-7.23		
10.73		
2.01		
-4.19		
-14.0		
4.08		
1.66		
3.47		
-8.35		
-17.78		
-12.13		
-3.84		
11.31		
-21.79		
-7.64		
-45.24		
-16.34		
-15.32		
-17.65		
-10.19		
-24.48		
-12.25		
-13.89		
-36.59		
-19.25		
-6.24		
-27.73		
-9.6		
1.29		
-23.34		
6.37		
-17.83		
5.25		
-35.75		
-21.4		
