2.43		
1.09		
1.7		
5.27		
0.77		
7.12		
4.23		
6.99		
9.44		
3.42		
4.76		
6.66		
0.22		
3.47		
11.08		
4.71		
3.9		
2.84		
8.99		
-0.08		
7.06		
1.55		
5.85		
-1.5		
5.39		
0.38		
-0.09		
-1.82		
0.83		
0.56		
-0.27		
4.88		
4.05		
8.61		
0.63		
-2.45		
5.58		
2.21		
2.29		
-0.34		
-2.61		
5.93		
5.72		
6.45		
0.24		
-1.99		
8.76		
-2.94		
-0.91		
9.92		
4.64		
10.56		
7.28		
3.12		
4.3		
3.36		
1.37		
3.94		
3.7		
-2.97		
8.09		
6.82		
9.27		
-3.36		
-1.19		
2.29		
4.78		
5.56		
-2.21		
1.55		
-2.3		
11.73		
3.07		
-1.84		
6.29		
-2.84		
6.31		
5.22		
-1.35		
-1.41		
0.82		
4.46		
8.97		
