-5.21		
-0.17		
-7.35		
-1.59		
-9.6		
-7.75		
0.21		
-4.42		
-4.6		
-11.05		
0.66		
0.57		
-0.36		
-0.2		
1.07		
-0.32		
-1.95		
1.15		
-2.57		
2.53		
-8.11		
0.77		
-3.11		
-0.62		
-8.71		
0.13		
1.64		
3.57		
2.93		
-3.0		
5.6		
0.35		
5.13		
19.23		
6.33		
6.46		
8.92		
0.29		
7.78		
6.38		
3.5		
7.27		
-0.57		
6.08		
7.1		
8.07		
1.1		
-4.07		
16.13		
14.36		
-5.53		
29.24		
8.15		
2.84		
21.53		
7.99		
-4.19		
-13.17		
12.95		
1.21		
-5.63		
-3.76		
7.71		
5.25		
1.97		
2.93		
-8.07		
5.91		
-0.23		
1.04		
-1.84		
-6.41		
-14.05		
-1.15		
9.42		
4.78		
11.83		
5.24		
1.73		
11.0		
-3.78		
4.83		
-0.13		
