-24.69		
-4.4		
-2.0		
-41.89		
-31.44		
-1.37		
-21.81		
-6.81		
-28.37		
-5.07		
-0.98		
-15.13		
-13.63		
-6.38		
-9.06		
-5.77		
-17.8		
0.73		
-2.63		
-21.75		
-9.14		
-5.39		
-24.32		
1.04		
-6.9		
-5.43		
-13.29		
-15.55		
-4.94		
-13.72		
-27.44		
-17.16		
-68.65		
6.26		
-15.28		
1.97		
-42.85		
-8.96		
-10.25		
-1.48		
-26.49		
-10.08		
-38.52		
-39.07		
-16.74		
-0.58		
-13.93		
-12.12		
-10.36		
-26.42		
-3.24		
-28.72		
-33.71		
-12.1		
-2.96		
-23.13		
-1.57		
-1.55		
-1.55		
-20.88		
-25.1		
-13.64		
-38.26		
-31.58		
-29.59		
-14.27		
-20.0		
-33.4		
-16.47		
-10.47		
-7.07		
-25.99		
-15.93		
-17.25		
-14.22		
-9.0		
4.75		
-19.16		
-5.56		
-25.86		
5.8		
-47.81		
-28.72		
