12.42		
3.48		
-5.75		
-3.28		
-10.44		
6.46		
0.63		
-13.39		
1.72		
-2.0		
-4.16		
-5.16		
-15.57		
0.1		
-3.27		
7.7		
-5.88		
21.98		
-4.01		
-1.35		
7.63		
5.05		
-9.03		
4.44		
7.27		
-7.66		
-2.14		
3.37		
-4.53		
11.63		
-4.85		
6.48		
-0.31		
4.99		
-3.05		
-7.02		
-2.94		
1.02		
-4.59		
-17.65		
3.32		
-17.95		
4.13		
-10.82		
6.56		
2.12		
-6.47		
-16.03		
-1.51		
-6.04		
1.29		
-3.72		
11.39		
-5.34		
3.32		
-4.93		
0.06		
3.04		
-2.28		
2.88		
-0.65		
-23.79		
7.03		
12.52		
5.38		
-12.83		
-7.15		
5.93		
-2.15		
-1.42		
2.96		
9.51		
9.85		
-3.0		
3.77		
-2.99		
-1.13		
5.83		
5.93		
2.79		
-13.05		
3.6		
-7.15		
