2.19		
7.05		
-4.91		
2.92		
8.4		
-0.17		
-1.46		
7.09		
-2.59		
5.24		
1.92		
13.42		
11.96		
-1.94		
5.28		
12.8		
24.79		
7.1		
-2.18		
8.12		
5.58		
8.66		
-13.47		
0.72		
13.85		
2.57		
4.85		
1.9		
1.02		
2.87		
2.95		
1.2		
0.43		
3.15		
-0.33		
7.17		
0.77		
2.65		
0.81		
6.89		
5.46		
-1.01		
9.05		
17.59		
2.36		
19.22		
14.07		
-3.02		
-1.68		
-2.34		
2.22		
3.53		
12.01		
2.36		
1.82		
7.74		
3.57		
-3.73		
0.38		
-0.16		
-7.6		
-2.52		
-12.58		
-4.39		
5.12		
12.94		
-1.82		
-3.52		
3.98		
-7.93		
1.78		
-16.8		
5.14		
-0.47		
1.94		
-4.26		
2.83		
5.69		
-0.08		
-7.2		
-9.81		
-6.03		
-6.92		
