-4.68		
1.85		
2.57		
-7.01		
6.64		
-8.36		
1.14		
12.39		
3.98		
4.62		
-2.39		
13.25		
-0.7		
6.09		
-4.36		
0.96		
3.99		
17.94		
-4.1		
8.58		
0.53		
2.13		
-5.29		
8.88		
-18.62		
2.01		
9.81		
4.14		
-2.68		
13.09		
12.08		
13.08		
-9.1		
3.55		
5.53		
8.56		
1.08		
14.6		
-8.18		
7.02		
2.24		
8.36		
3.32		
-0.5		
-3.48		
-3.78		
6.26		
0.24		
4.21		
8.03		
0.6		
-6.14		
9.02		
-2.35		
1.18		
13.77		
4.01		
13.32		
5.13		
2.57		
14.43		
-2.08		
5.32		
-2.66		
5.28		
-6.63		
4.47		
0.7		
2.54		
7.05		
10.91		
-1.08		
1.99		
5.4		
4.64		
2.48		
-4.36		
5.01		
1.1		
0.7		
10.06		
5.55		
8.97		
