-14.81		
-9.91		
-8.09		
-20.6		
4.11		
4.39		
5.24		
1.3		
-0.68		
-2.71		
0.04		
-4.26		
-19.25		
-6.44		
23.13		
10.75		
5.02		
-8.39		
-7.77		
6.43		
0.28		
-15.85		
-2.48		
2.04		
-5.23		
-0.98		
-4.56		
-12.45		
-3.15		
-13.59		
-5.02		
-19.26		
-11.19		
-11.81		
8.98		
-4.15		
2.34		
-21.96		
-7.1		
-1.41		
-33.42		
-18.26		
7.34		
-6.68		
-10.0		
5.44		
5.61		
-6.61		
-1.62		
-18.95		
5.51		
-4.44		
14.31		
-8.45		
24.26		
-11.96		
11.5		
-8.9		
-4.28		
-13.32		
7.97		
-25.83		
-6.41		
10.83		
-14.02		
-23.37		
-5.37		
-1.3		
13.78		
-1.89		
-8.03		
17.33		
-6.69		
0.98		
-6.03		
8.39		
-5.51		
-1.67		
1.92		
9.04		
-16.89		
0.3		
-4.37		
