3.31		
13.46		
4.21		
0.23		
5.96		
7.02		
4.36		
5.54		
-1.25		
4.86		
1.07		
7.42		
15.18		
2.94		
12.03		
1.01		
14.03		
5.63		
2.79		
1.7		
11.64		
-1.25		
-9.43		
4.84		
2.0		
10.97		
-1.79		
7.76		
3.52		
-4.28		
-2.01		
5.11		
-7.54		
4.09		
-3.19		
8.12		
-0.94		
-8.72		
-2.99		
-16.65		
0.16		
-1.3		
-4.53		
6.02		
-0.16		
-4.89		
6.87		
-8.81		
-6.69		
4.68		
-4.67		
1.63		
-3.12		
0.15		
-5.93		
-3.3		
-7.54		
1.57		
17.31		
-3.42		
7.15		
0.62		
-3.77		
15.65		
2.04		
-5.58		
9.53		
-0.97		
-5.71		
1.36		
-3.49		
8.65		
16.91		
8.43		
10.13		
6.94		
-0.74		
1.66		
14.42		
6.24		
6.96		
9.78		
0.34		
