-4.8		
1.01		
-0.63		
0.06		
-3.05		
6.09		
0.59		
7.02		
-2.1		
-4.91		
2.75		
9.64		
1.06		
-6.26		
-1.77		
-0.96		
1.28		
3.52		
2.88		
2.36		
2.76		
0.0		
-3.61		
-3.64		
5.7		
1.28		
5.79		
2.97		
-8.54		
-13.37		
-6.54		
-11.32		
-2.13		
-9.02		
-7.27		
-7.62		
-5.81		
-18.11		
-6.38		
-11.18		
0.39		
2.61		
-10.63		
-0.2		
-2.99		
-2.06		
-7.61		
-2.28		
1.95		
-3.34		
-3.3		
-12.8		
-6.99		
-2.73		
-7.75		
-8.82		
-5.32		
-5.75		
-6.87		
-24.0		
-3.61		
-5.78		
-11.71		
-3.53		
-17.0		
-11.05		
-3.18		
0.08		
-12.92		
-8.55		
-15.51		
-5.01		
-4.0		
-17.99		
-6.04		
-14.53		
-15.07		
-16.87		
-8.52		
-5.2		
-8.05		
-25.58		
-5.53		
