-8.02		
-1.16		
-0.6		
-0.52		
0.56		
5.24		
-5.48		
0.65		
3.85		
-0.21		
3.32		
-9.19		
-2.94		
-4.41		
4.83		
-1.8		
-4.79		
1.99		
2.64		
2.83		
5.92		
-4.82		
-4.78		
1.52		
1.19		
-8.31		
2.6		
-5.27		
6.46		
-3.07		
-1.55		
-8.98		
-4.9		
17.76		
-0.28		
4.9		
-0.02		
-0.71		
-2.43		
1.85		
1.21		
-5.02		
-0.13		
2.24		
0.33		
-4.34		
2.26		
3.52		
-6.6		
-3.57		
-1.0		
-1.49		
12.31		
8.24		
-9.54		
-1.05		
5.06		
-2.58		
-5.43		
1.62		
-7.86		
3.4		
2.44		
-2.68		
-8.86		
0.22		
0.58		
0.73		
-1.36		
0.32		
-8.47		
0.16		
-6.31		
10.52		
-0.43		
-4.19		
-4.94		
-0.45		
0.37		
5.25		
-6.23		
-0.07		
-4.17		
