7.25		
5.07		
9.72		
4.88		
2.7		
1.59		
-4.45		
-5.02		
1.11		
7.2		
2.78		
7.34		
1.98		
0.55		
5.9		
3.84		
3.98		
3.7		
-2.16		
5.48		
4.21		
0.21		
3.75		
16.71		
6.62		
11.77		
12.43		
1.06		
-4.34		
4.56		
-3.61		
-0.39		
8.35		
8.23		
-2.72		
0.07		
4.71		
-0.38		
-0.34		
-1.15		
2.59		
-4.55		
2.99		
-12.61		
1.58		
-5.21		
2.88		
3.72		
0.57		
2.67		
1.75		
1.76		
1.97		
2.67		
-0.49		
0.39		
-8.38		
2.91		
-2.0		
0.79		
2.94		
-1.57		
-6.96		
-2.94		
-3.46		
1.49		
8.98		
-1.31		
7.32		
-2.13		
2.65		
-0.6		
9.16		
-4.84		
6.42		
-1.16		
-2.65		
-10.44		
4.37		
-2.82		
-7.75		
-8.28		
0.73		
