1.86		
-7.51		
-4.13		
3.54		
5.4		
5.55		
17.62		
1.4		
12.08		
3.72		
-0.14		
2.71		
1.93		
-8.17		
6.12		
-3.6		
8.98		
2.36		
-0.59		
12.04		
5.81		
6.1		
-1.66		
-1.55		
2.29		
6.76		
15.64		
11.01		
2.26		
3.93		
16.22		
12.41		
4.12		
8.82		
6.24		
-1.86		
3.29		
1.31		
-2.15		
5.72		
15.22		
12.4		
11.43		
-4.11		
6.17		
11.54		
9.17		
5.19		
4.1		
3.95		
4.27		
7.52		
11.53		
1.99		
11.0		
15.25		
1.98		
1.99		
9.01		
14.31		
0.87		
-6.02		
8.21		
-3.95		
-2.77		
0.78		
16.12		
9.64		
5.34		
2.73		
3.38		
9.07		
7.92		
2.32		
10.86		
20.66		
6.46		
-3.38		
-4.23		
6.37		
13.31		
3.51		
-0.5		
