-4.7		
-7.69		
-5.33		
-5.56		
-5.39		
0.26		
-8.88		
2.9		
-6.69		
-5.0		
-14.57		
-16.89		
13.25		
-16.17		
3.82		
-0.54		
5.99		
-3.1		
10.92		
-17.15		
-14.96		
0.58		
8.03		
-5.71		
-4.02		
-1.89		
0.51		
7.38		
14.37		
-6.48		
20.86		
12.02		
8.85		
6.94		
17.47		
3.4		
-2.55		
-4.84		
3.0		
0.64		
3.4		
5.42		
-5.15		
-1.15		
10.02		
2.46		
11.71		
31.53		
21.22		
4.74		
-5.53		
-0.37		
10.69		
31.34		
15.57		
39.53		
-0.17		
11.91		
8.72		
14.54		
23.49		
-0.25		
3.67		
8.73		
12.51		
4.14		
19.19		
14.54		
21.56		
1.75		
3.09		
13.56		
4.76		
11.56		
9.86		
2.66		
14.75		
4.87		
2.21		
13.09		
1.13		
10.13		
15.5		
