-1.6		
-3.28		
-6.81		
5.56		
-3.62		
-5.11		
-3.09		
-3.28		
-12.6		
-4.83		
-4.93		
-5.53		
2.89		
-12.86		
2.57		
12.51		
-9.37		
-0.17		
10.05		
-3.3		
-1.24		
4.19		
-4.92		
0.93		
6.67		
5.17		
1.92		
7.84		
8.11		
3.21		
-0.47		
4.5		
-8.78		
-3.36		
8.11		
2.93		
8.28		
-0.94		
0.92		
-0.53		
4.32		
3.3		
-4.37		
15.05		
-4.99		
0.97		
-1.33		
0.66		
3.42		
1.24		
-6.87		
3.59		
6.62		
-0.02		
11.68		
2.49		
-2.41		
-6.19		
-5.95		
3.57		
-5.02		
-2.69		
5.66		
-4.95		
0.24		
0.7		
-5.19		
18.25		
4.46		
-2.37		
-4.11		
6.07		
8.64		
-7.4		
1.05		
-3.96		
4.74		
9.88		
-1.09		
4.91		
9.18		
-1.42		
9.97		
