-0.11		
7.57		
-0.37		
10.29		
6.63		
8.67		
3.33		
3.98		
4.36		
14.14		
29.63		
1.54		
7.99		
9.26		
5.34		
2.39		
12.27		
4.29		
-2.09		
2.08		
-3.31		
7.95		
1.43		
1.16		
-0.89		
-8.9		
12.29		
6.53		
0.93		
2.04		
4.33		
-0.96		
3.18		
0.68		
-3.26		
0.16		
7.13		
-1.45		
4.15		
-1.54		
-2.88		
6.59		
0.08		
-2.82		
5.21		
0.0		
2.4		
5.62		
3.62		
-6.32		
5.55		
3.4		
-0.08		
-2.65		
0.63		
12.27		
5.03		
-2.19		
8.37		
3.03		
6.38		
9.41		
3.62		
3.75		
13.08		
12.68		
8.36		
11.72		
15.55		
-1.17		
4.43		
29.68		
4.24		
-0.13		
0.21		
12.26		
-2.83		
-0.18		
4.53		
2.9		
-6.56		
10.98		
-3.64		
