7.76		
-7.48		
8.66		
1.31		
-7.62		
-3.64		
6.77		
8.54		
-2.98		
0.84		
1.11		
8.28		
-4.07		
-2.04		
12.77		
8.72		
0.51		
1.68		
13.38		
0.06		
-5.99		
3.63		
1.05		
9.32		
1.73		
6.54		
-2.19		
12.32		
0.81		
-1.64		
5.87		
4.78		
3.3		
-2.04		
0.64		
8.96		
2.59		
4.21		
0.24		
3.48		
0.68		
-0.43		
16.62		
-7.28		
1.59		
2.96		
4.36		
4.39		
7.69		
1.63		
7.6		
5.19		
16.1		
0.93		
9.68		
-3.04		
-3.02		
-0.57		
-4.0		
3.42		
0.36		
-7.97		
2.42		
-5.41		
9.06		
5.51		
6.96		
-3.77		
3.15		
-2.42		
9.31		
-6.06		
0.01		
-4.93		
2.12		
-8.99		
1.04		
18.54		
-1.58		
8.03		
1.71		
-4.82		
-4.36		
