3.84		
9.68		
16.26		
1.91		
6.5		
2.6		
5.2		
5.23		
4.39		
18.54		
7.02		
6.03		
-2.02		
18.37		
1.82		
4.67		
0.6		
0.19		
18.36		
2.98		
8.52		
2.92		
2.19		
12.53		
4.78		
-0.29		
2.13		
2.81		
1.61		
6.36		
5.96		
-1.55		
6.27		
7.3		
13.93		
3.91		
-0.31		
-5.79		
4.3		
-5.41		
5.31		
-0.41		
3.96		
7.08		
-1.62		
0.98		
2.56		
0		
-2.16		
-3.44		
-11.24		
-6.44		
7.08		
3.45		
6.66		
13.86		
8.78		
-1.79		
-0.83		
14.46		
13.89		
14.3		
7.11		
7.6		
4.69		
12.73		
17.04		
0.47		
-2.51		
13.54		
12.17		
10.62		
0.83		
8.36		
5.6		
1.11		
1.9		
1.82		
3.73		
7.21		
6.66		
8.01		
9.58		
-4.99		
20.08		
6.75		
14.54		
15.49		
