5.73		
13.8		
-0.0		
0.9		
-2.74		
0.16		
9.13		
3.53		
2.55		
6.07		
15.59		
2.6		
-0.36		
-3.55		
-1.55		
-1.1		
4.48		
6.35		
-4.83		
-13.58		
10.18		
2.79		
7.06		
-1.12		
2.7		
8.98		
3.33		
-0.33		
-3.16		
3.42		
8.37		
5.44		
-3.84		
4.26		
-6.68		
7.75		
-11.48		
-4.95		
7.18		
-1.25		
-5.3		
9.68		
-1.61		
7.8		
-8.38		
-2.79		
5.98		
-8.02		
-5.39		
10.52		
1.53		
-8.02		
0.7		
-5.53		
-19.75		
7.27		
-4.48		
20.76		
-8.13		
-13.55		
-3.14		
-0.83		
6.7		
-9.72		
-5.96		
15.82		
8.24		
7.86		
1.34		
1.06		
-0.8		
-2.9		
6.21		
14.14		
1.29		
-7.85		
-1.8		
-18.91		
6.48		
6.93		
8.03		
-3.84		
17.69		
