-0.38		
7.21		
-0.93		
2.52		
2.38		
1.73		
7.34		
24.93		
5.48		
8.79		
4.59		
11.78		
8.14		
20.51		
-3.63		
17.44		
0.82		
16.5		
2.3		
13.1		
-2.56		
4.95		
-3.37		
-5.78		
5.73		
15.27		
10.07		
6.84		
2.07		
-9.62		
13.56		
9.7		
6.33		
3.36		
15.08		
8.39		
12.21		
6.85		
4.1		
-1.38		
3.29		
27.39		
3.99		
2.29		
41.61		
25.66		
9.06		
5.9		
10.38		
-2.05		
9.79		
16.83		
21.02		
3.61		
-0.11		
10.99		
8.46		
16.82		
-1.64		
3.11		
2.13		
4.29		
0.51		
2.84		
7.33		
14.02		
15.29		
3.91		
3.28		
0.24		
10.72		
5.3		
0.08		
-6.84		
4.69		
7.53		
9.67		
-0.14		
-5.41		
3.43		
5.91		
3.26		
2.9		
