-22.08		
8.87		
-2.45		
1.84		
4.25		
7.15		
-10.62		
-1.97		
-12.96		
-5.22		
-6.46		
-15.01		
-5.03		
7.33		
1.31		
-1.45		
8.08		
12.15		
-1.77		
2.53		
-0.66		
-2.49		
-3.14		
2.71		
-5.5		
10.99		
-9.08		
-1.91		
9.24		
-3.93		
-5.16		
-2.11		
-14.68		
-15.89		
1.63		
0.32		
-2.8		
-9.29		
-25.27		
-0.06		
2.0		
0.95		
-13.62		
-8.07		
-14.76		
7.49		
-12.98		
0.68		
-16.93		
-0.71		
7.82		
1.14		
8.17		
-2.29		
1.04		
-7.17		
-9.3		
-23.83		
-28.82		
-1.05		
-5.33		
3.35		
1.59		
5.51		
-3.37		
-29.57		
-10.54		
11.63		
2.3		
-6.45		
4.83		
1.2		
-11.98		
3.69		
0.41		
3.07		
1.16		
-16.85		
-1.11		
-31.71		
3.95		
11.41		
0.28		
