0		
0		
0		
-0.83		
0		
0		
0		
-1.07		
0		
0		
0		
0.36		
0		
0		
0		
0		
0		
0		
0		
-0.18		
0		
0		
-2.21		
1.43		
0		
-0.83		
0		
0		
0		
0		
0.2		
0		
0.2		
-0.83		
-2.05		
0		
0		
-1.9		
0		
0		
0		
0		
0		
-0.83		
-0.83		
-2.02		
0		
0		
0		
-0.98		
0		
0.5		
1.43		
0		
0		
0		
0		
0		
0		
2.39		
7.28		
3.33		
-6.61		
-1.09		
7.34		
5.67		
-4.38		
10.16		
4.61		
-2.75		
-3.96		
3.47		
-15.15		
2.4		
2.0		
-2.32		
7.61		
0.57		
-2.1		
-11.35		
-7.64		
1.23		
3.82		
-3.41		
-16.03		
1.95		
4.84		
-4.48		
3.4		
-5.51		
0.72		
-9.31		
11.77		
-8.64		
5.66		
-19.82		
-1.23		
-4.28		
-13.15		
5.86		
6.67		
0.88		
-0.96		
-15.48		
5.66		
1.48		
-11.3		
-5.33		
-3.5		
-10.2		
-3.08		
-7.62		
-4.36		
2.08		
