0.81		
-10.52		
-5.84		
-5.65		
-6.21		
-6.96		
3.34		
-11.33		
0		
-10.17		
-12.62		
-6.76		
2.21		
-2.78		
-2.52		
-0.82		
-2.03		
-3.67		
0.41		
-2.55		
17.61		
-1.0		
-3.39		
-2.64		
7.56		
-10.0		
0.4		
-9.47		
-9.04		
1.57		
-1.64		
-4.83		
-6.76		
-3.77		
-2.55		
3.94		
7.99		
-5.86		
0.53		
1.6		
5.59		
6.7		
5.16		
6.05		
-5.22		
-3.73		
7.81		
1.16		
2.34		
6.73		
2.23		
2.41		
-6.99		
-3.52		
-1.19		
6.56		
4.31		
-3.42		
-3.63		
-10.72		
0.99		
-0.87		
3.14		
6.3		
-7.75		
7.54		
-6.66		
3.49		
-8.06		
-0.34		
1.2		
5.66		
-7.2		
5.23		
3.97		
5.68		
8.12		
3.14		
3.86		
2.52		
-2.49		
-9.04		
8.24		
