0.53		
-7.71		
-0.25		
-3.16		
-0.67		
-1.97		
4.12		
3.21		
1.35		
-0.27		
-1.39		
2.27		
-1.76		
-2.89		
-2.59		
8.75		
-0.31		
0.06		
-7.77		
-5.92		
6.68		
2.34		
-9.02		
-4.08		
1.69		
-0.86		
-1.79		
9.96		
-0.37		
-4.59		
-6.78		
-3.78		
0.71		
4.99		
-1.53		
1.89		
4.15		
-0.45		
-1.18		
0.56		
-0.19		
3.0		
-3.96		
-8.43		
13.87		
1.22		
0.36		
5.8		
3.65		
-10.71		
-6.58		
-1.67		
-1.47		
2.27		
6.45		
3.55		
1.68		
2.86		
2.8		
3.24		
1.85		
2.95		
-3.7		
-6.09		
-3.85		
3.87		
-0.58		
1.21		
1.11		
-8.53		
2.69		
-1.52		
-0.97		
3.53		
-2.22		
0.25		
6.94		
1.14		
2.2		
-1.5		
20.14		
0.36		
5.25		
