-8.21		
3.98		
-4.17		
-28.07		
-14.37		
-6.49		
-33.57		
-24.51		
-5.07		
-16.56		
-31.72		
-16.1		
-4.55		
-9.5		
-29.48		
-13.57		
-3.61		
-10.92		
-16.64		
-21.19		
-33.73		
-30.89		
-1.49		
-4.09		
-21.58		
-11.22		
13.62		
-7.96		
-3.1		
3.46		
7.2		
-8.62		
0.2		
-9.43		
-12.13		
6.3		
-4.87		
8.59		
-15.83		
-18.36		
-7.79		
2.42		
-6.49		
-8.03		
-13.07		
-17.16		
1.59		
-29.56		
-12.54		
-1.36		
-5.48		
2.78		
17.29		
-18.96		
0.62		
-12.67		
-2.54		
-26.77		
-3.15		
-9.56		
9.67		
-13.95		
8.23		
5.33		
-3.13		
-12.64		
11.46		
-0.98		
-11.68		
-4.09		
-0.42		
1.56		
-10.43		
-13.94		
-5.85		
14.94		
-10.84		
-9.25		
-18.9		
3.08		
-9.94		
-15.89		
-2.07		
