12.17		
4.83		
-10.5		
-9.1		
-15.69		
-0.69		
-7.43		
-10.44		
18.05		
-9.41		
12.13		
-5.17		
-10.34		
4.76		
-2.86		
14.26		
-2.83		
-5.75		
-0.13		
0.47		
1.7		
-23.13		
4.85		
3.46		
-7.3		
5.85		
13.83		
4.16		
-26.64		
-1.63		
-6.42		
-23.26		
-1.75		
-6.67		
-18.22		
-4.46		
-22.66		
-15.83		
-10.53		
-6.19		
-21.97		
-54.51		
-8.64		
-14.71		
-6.21		
-32.98		
-18.97		
-12.88		
-22.21		
-2.81		
1.41		
-12.49		
-15.58		
-9.48		
-5.29		
-8.16		
-25.86		
-14.17		
-17.07		
-44.8		
-8.14		
-29.59		
-34.92		
-17.68		
-12.61		
-30.36		
-25.96		
-23.02		
-8.22		
-48.12		
-51.25		
-0.25		
-47.04		
-2.58		
-32.83		
-44.46		
-46.65		
-21.98		
-53.54		
-47.31		
-41.25		
7.43		
-17.47		
