10.46		
-16.98		
17.08		
-2.3		
3.49		
2.95		
-10.13		
11.47		
6.88		
-1.72		
7.14		
3.28		
13.56		
8.04		
6.76		
0.59		
4.56		
11.49		
14.37		
0.94		
20.39		
7.06		
-4.31		
23.0		
0.24		
33.78		
5.99		
0		
-1.83		
10.67		
-4.04		
18.42		
8.6		
-25.52		
-1.45		
-6.0		
7.89		
-4.79		
14.99		
9.08		
-4.79		
-0.64		
2.53		
-6.14		
-9.84		
7.64		
-8.32		
7.2		
-2.59		
7.25		
-9.34		
-2.08		
8.98		
0.39		
-1.32		
9.51		
-20.98		
-11.55		
-8.11		
-3.59		
-24.7		
-14.93		
-12.98		
-13.18		
-9.25		
-5.55		
-11.56		
11.64		
-0.55		
5.0		
3.19		
1.61		
-15.4		
-21.54		
-16.38		
-19.16		
-12.81		
-23.2		
-14.27		
-2.95		
-13.12		
-11.8		
-8.95		
