-2.21		
1.11		
4.06		
14.62		
9.01		
-2.2		
11.12		
0.88		
1.15		
9.11		
-0.45		
2.24		
-13.69		
11.59		
7.82		
1.11		
-9.79		
-5.39		
-3.2		
4.03		
-3.12		
4.17		
-4.77		
-11.54		
6.42		
-9.6		
0.09		
0.61		
10.82		
6.08		
7.98		
-0.36		
-3.82		
-8.94		
-2.09		
-0.43		
-2.63		
1.91		
-4.44		
-8.36		
10.45		
-6.35		
-4.52		
1.39		
-25.92		
-9.9		
9.31		
-2.16		
8.98		
3.2		
6.59		
1.03		
5.18		
9.71		
1.76		
-5.03		
-8.4		
2.42		
10.89		
-8.02		
9.96		
-7.27		
0.17		
1.02		
-5.48		
-1.69		
9.15		
21.14		
3.93		
-5.66		
-4.84		
13.58		
-1.37		
-2.4		
5.4		
2.11		
6.43		
2.61		
4.39		
13.5		
7.33		
8.4		
-4.81		
