11.64		
6.37		
10.3		
-13.58		
4.41		
6.43		
11.95		
10.38		
7.48		
-0.69		
12.71		
6.73		
0.53		
8.5		
-2.33		
-1.4		
5.76		
9.22		
17.59		
-0.4		
7.07		
15.67		
7.98		
0.53		
19.87		
14.65		
13.49		
-2.91		
3.74		
0.16		
-8.02		
8.05		
-0.95		
9.24		
7.57		
-0.58		
-9.78		
2.04		
6.23		
4.4		
12.99		
18.14		
10.56		
-9.69		
1.85		
-6.76		
-24.81		
0.02		
7.7		
1.64		
7.74		
5.05		
2.58		
1.9		
3.69		
4.01		
6.31		
3.57		
-3.82		
1.34		
-0.09		
11.32		
-5.93		
4.42		
-3.7		
0.08		
-2.2		
-1.14		
-2.69		
1.51		
-3.39		
0.83		
3.98		
-0.84		
-0.08		
1.49		
1.16		
12.21		
-9.4		
-0.08		
0.23		
-6.36		
-1.83		
