-2.14		
1.37		
-2.51		
-3.5		
5.15		
11.97		
-1.53		
-0.75		
2.26		
0		
0.79		
-12.12		
4.42		
3.54		
0		
-3.32		
-13.23		
-1.92		
-10.16		
3.26		
-1.27		
-5.93		
1.02		
26.43		
17.95		
10.28		
-5.84		
2.33		
-5.97		
-5.85		
-20.3		
2.34		
0.5		
-6.16		
-10.85		
-6.03		
-13.21		
10.17		
0.74		
-15.66		
-0.94		
2.64		
-2.22		
-25.44		
-10.39		
-9.16		
-0.08		
-7.05		
-11.6		
-11.18		
-17.18		
6.15		
-8.69		
20.12		
2.2		
-25.4		
4.7		
-15.43		
-12.32		
0.18		
-5.79		
3.74		
-6.13		
-15.24		
-6.14		
-7.26		
5.25		
-11.31		
-10.55		
10.7		
-5.25		
-4.52		
0.3		
-6.32		
-20.43		
6.99		
-0.53		
-11.67		
-9.88		
-4.03		
-6.84		
-10.66		
-6.24		
