8.05		
-25.86		
-6.04		
-9.21		
4.79		
-13.16		
2.81		
17.88		
7.54		
-0.39		
-14.31		
-2.61		
-12.18		
10.88		
-14.62		
-7.59		
-0.2		
-10.74		
6.62		
-3.73		
-9.2		
2.77		
6.97		
1.29		
0.58		
1.51		
-5.87		
1.11		
-2.29		
1.2		
-7.98		
-3.76		
-0.42		
-5.94		
-0.6		
-3.87		
10.23		
-1.97		
-6.27		
-0.53		
-0.22		
0		
0		
-1.89		
-6.57		
0.21		
-5.51		
1.94		
-2.95		
-1.58		
-1.6		
-4.23		
4.51		
0		
3.35		
-1.61		
11.63		
-1.55		
2.03		
-8.02		
-8.84		
-7.01		
1.89		
-4.25		
-5.08		
2.14		
-6.88		
4.49		
1.08		
-5.95		
0		
-11.55		
-14.26		
-0.76		
17.16		
0.83		
2.54		
3.55		
4.68		
7.03		
-16.22		
-3.48		
18.07		
