-10.57		
11.57		
-6.87		
-2.74		
-10.51		
19.76		
-5.54		
-7.91		
12.35		
-2.24		
2.9		
3.4		
-8.19		
6.64		
4.72		
7.78		
0.08		
3.52		
-12.15		
6.67		
3.2		
1.36		
-0.64		
2.65		
-2.95		
-10.45		
-6.77		
5.92		
-5.66		
-1.02		
5.88		
-8.82		
-7.23		
-22.28		
-0.74		
-0.93		
-2.18		
0.66		
-13.68		
18.46		
-9.16		
-0.47		
-8.46		
0.74		
9.8		
4.92		
6.44		
8.89		
-2.97		
1.78		
5.14		
1.95		
10.33		
-1.84		
5.75		
-12.84		
0.72		
-4.39		
-7.31		
-5.67		
-1.18		
2.12		
-5.71		
0.86		
1.93		
-2.36		
-10.69		
0.49		
1.36		
-3.08		
4.19		
-0.87		
2.07		
10.7		
-3.67		
1.12		
9.92		
-8.4		
-5.47		
-13.51		
-6.78		
-19.46		
1.26		
