-0.05		
18.57		
3.38		
9.35		
-1.67		
4.15		
15.35		
-2.39		
0.17		
-2.65		
0.84		
7.62		
-8.95		
-8.89		
-4.19		
-0.62		
-19.58		
-4.33		
7.71		
-13.82		
-17.95		
5.59		
-2.13		
-4.02		
-10.18		
1.6		
4.25		
-19.7		
-29.1		
-7.42		
-17.69		
-18.85		
-12.93		
-5.23		
-10.07		
6.49		
-0.48		
-20.57		
-13.19		
-0.05		
-6.73		
-7.25		
-28.82		
-5.66		
-11.17		
0.05		
-23.08		
-1.56		
-8.85		
-22.04		
-14.04		
-13.26		
-21.55		
-3.06		
-16.63		
-0.52		
-20.07		
8.72		
-2.88		
1.95		
1.12		
-7.95		
-13.8		
-1.36		
-3.03		
3.9		
3.94		
-2.14		
4.83		
3.82		
0.95		
-6.01		
-14.52		
15.47		
4.97		
6.51		
-8.85		
5.03		
-21.77		
-0.68		
-1.83		
6.81		
6.49		
