10.85		
11.79		
1.64		
-2.13		
3.93		
2.2		
0.52		
-1.64		
12.7		
5.55		
5.14		
11.79		
13.03		
-5.96		
19.31		
22.18		
-1.32		
22.23		
10.83		
-2.05		
5.39		
2.84		
22.88		
9.6		
8.68		
5.09		
4.82		
5.52		
5.93		
2.0		
26.75		
8.22		
17.54		
-2.22		
10.35		
19.87		
13.25		
9.66		
2.96		
11.77		
1.16		
14.71		
2.09		
5.37		
23.97		
20.62		
20.18		
5.09		
6.55		
2.9		
-3.1		
20.39		
10.77		
7.39		
-4.52		
-13.02		
-19.09		
-30.77		
-18.35		
-33.41		
-19.13		
-13.24		
-31.45		
-8.08		
-8.81		
-15.54		
3.58		
-13.92		
-42.87		
-2.42		
-14.7		
-21.43		
-14.47		
-16.38		
-48.05		
-14.11		
-12.4		
-25.13		
-0.06		
-6.85		
-19.73		
-12.93		
-12.48		
