-19.09		
1.83		
1.06		
-5.83		
-2.58		
7.64		
-2.55		
-0.26		
-10.14		
-0.77		
2.63		
3.67		
2.38		
-4.52		
4.78		
-3.89		
9.15		
-13.5		
0.22		
-13.52		
4.35		
-2.12		
8.45		
3.14		
-5.11		
14.27		
-1.42		
12.15		
7.84		
1.44		
2.41		
-2.01		
5.67		
17.11		
1.32		
5.75		
19.82		
6.05		
-23.81		
12.76		
-5.2		
-9.0		
-3.06		
9.74		
-11.39		
5.64		
0.84		
16.14		
0.85		
3.51		
-4.63		
3.96		
0.79		
5.67		
-8.93		
19.88		
4.71		
-8.87		
6.96		
2.24		
-6.35		
-21.71		
2.95		
-11.94		
21.09		
4.33		
-8.49		
-15.61		
0.86		
2.43		
14.67		
1.48		
3.84		
11.39		
-3.74		
-5.8		
-7.37		
9.7		
1.28		
5.72		
-4.12		
-1.96		
1.01		
