-4.55		
-5.39		
-1.69		
-5.09		
1.85		
-3.26		
0.49		
-0.89		
5.36		
6.12		
3.16		
-5.15		
-3.86		
-2.77		
-1.66		
2.39		
-0.77		
6.62		
0.84		
5.15		
2.02		
1.3		
4.5		
1.7		
-1.3		
2.55		
0.6		
-0.61		
-19.86		
0.47		
-0.78		
-2.55		
8.14		
-8.31		
13.06		
-7.35		
-14.26		
0.43		
12.42		
-10.99		
-0.58		
-19.63		
15.96		
-20.46		
-5.46		
-1.48		
-8.07		
-2.61		
-10.63		
-11.71		
-12.73		
-18.72		
0.92		
1.57		
-13.35		
5.42		
0.92		
-11.28		
-7.74		
-9.08		
-4.77		
2.97		
4.79		
-5.47		
2.79		
-14.19		
8.9		
-4.61		
3.57		
-11.57		
1.4		
5.04		
4.17		
-2.22		
1.25		
-2.9		
-8.28		
2.5		
1.0		
-1.18		
5.82		
0.72		
4.21		
