6.24		
4.68		
3.58		
10.12		
0.4		
8.83		
2.88		
3.95		
0.59		
2.08		
9.95		
9.44		
18.06		
6.45		
1.6		
2.38		
4.04		
1.04		
-1.33		
7.32		
5.66		
3.64		
2.95		
8.61		
2.72		
-0.46		
-0.33		
1.95		
11.32		
8.06		
22.14		
11.0		
3.74		
17.03		
-5.07		
8.84		
4.67		
3.82		
6.32		
41.58		
4.47		
7.85		
17.37		
6.29		
-7.92		
-4.87		
5.46		
1.4		
0.74		
6.11		
9.77		
8.31		
6.23		
-6.38		
-5.45		
-1.73		
-2.52		
1.31		
-4.46		
-2.14		
1.01		
-7.88		
8.27		
-4.39		
-1.53		
5.46		
3.35		
-2.89		
18.86		
7.59		
1.52		
5.98		
11.86		
-7.26		
5.79		
-0.15		
0.19		
-4.52		
-3.77		
4.32		
6.54		
5.27		
3.42		
