1.98		
-0.52		
5.07		
-11.74		
-1.37		
15.33		
10.21		
0.28		
7.36		
5.23		
5.22		
-3.78		
-5.16		
2.36		
-7.84		
12.73		
-0.74		
8.44		
12.76		
-15.7		
9.48		
13.72		
13.01		
5.77		
5.63		
5.81		
6.21		
0.42		
17.39		
-5.57		
9.59		
-9.18		
-1.07		
10.5		
-3.16		
2.99		
-0.27		
12.82		
1.93		
-1.82		
2.31		
6.22		
-11.74		
2.9		
0.15		
-0.29		
0.97		
-4.92		
-8.29		
23.16		
14.12		
6.82		
-0.82		
0.51		
-6.79		
5.66		
8.72		
3.04		
9.17		
1.06		
8.4		
8.81		
5.02		
-4.95		
8.15		
2.29		
2.86		
5.44		
-4.27		
4.2		
9.75		
5.47		
0.93		
-11.78		
4.39		
-5.16		
-2.42		
-3.23		
4.09		
1.94		
-7.02		
-5.74		
11.77		
