-4.29		
-11.28		
-10.29		
-12.05		
-6.68		
-6.68		
-8.21		
-3.88		
-6.93		
-21.66		
-17.93		
-14.89		
-14.11		
-11.04		
-2.05		
-5.57		
-0.53		
2.26		
-9.47		
-0.68		
4.62		
10.88		
1.45		
-14.76		
-14.62		
-13.63		
-13.2		
-1.75		
-12.75		
-28.03		
-6.24		
2.11		
-4.71		
-5.18		
-7.54		
-6.5		
-11.89		
-3.97		
-55.48		
3.26		
-10.9		
-7.57		
0.92		
-5.34		
1.91		
-13.53		
-0.31		
-2.69		
1.81		
-5.83		
-4.73		
-11.36		
-13.0		
-16.78		
7.96		
-7.07		
-3.8		
-23.02		
-17.4		
-8.49		
-5.67		
-16.69		
1.14		
-12.05		
-9.68		
-0.57		
-8.37		
-0.63		
-25.59		
-0.14		
0.69		
-7.5		
-17.6		
2.45		
-12.51		
-10.83		
-10.43		
-11.16		
-10.83		
3.55		
-6.44		
-27.06		
-20.17		
