-9.97		
-12.68		
-12.63		
-7.1		
-34.58		
2.01		
-13.53		
-16.14		
-19.7		
-16.12		
-12.41		
-5.94		
-27.78		
-15.73		
-7.32		
-16.31		
-15.01		
-23.65		
-4.56		
-13.97		
-20.69		
-10.56		
-29.19		
-41.02		
-4.38		
-9.44		
-11.93		
-21.34		
-28.71		
-33.79		
-8.54		
-7.56		
-28.55		
-2.13		
-12.01		
-15.38		
-16.92		
-3.29		
-33.47		
-30.18		
-3.78		
-13.59		
-21.8		
-28.46		
-26.5		
-22.48		
-12.43		
-26.11		
-9.39		
-4.84		
-20.09		
-39.92		
-9.16		
-17.59		
-4.89		
-18.88		
-20.1		
0.57		
-27.99		
-10.35		
-12.14		
-8.96		
-5.81		
-23.61		
-23.03		
-19.95		
-9.51		
-23.42		
-15.01		
-37.52		
-38.52		
-27.61		
-20.79		
-16.15		
-12.59		
-17.92		
-5.74		
-24.31		
-24.65		
-17.62		
-27.2		
-12.26		
-25.24		
