-11.77		
9.97		
8.45		
0.61		
2.08		
2.01		
5.5		
-0.98		
1.76		
-1.36		
3.4		
2.8		
4.91		
-1.22		
9.93		
3.02		
-0.78		
3.95		
-5.04		
2.7		
6.51		
3.41		
-1.13		
-9.5		
0.3		
2.2		
12.31		
-5.4		
-0.89		
10.41		
11.93		
12.37		
2.74		
17.02		
9.77		
1.13		
1.78		
3.14		
-0.33		
13.81		
-6.1		
5.3		
-1.9		
-5.41		
-0.02		
11.04		
7.93		
0.01		
3.82		
4.06		
7.91		
1.34		
-0.91		
1.86		
10.18		
16.09		
-10.19		
-6.05		
-2.03		
-5.59		
7.18		
2.44		
8.88		
-2.35		
-1.28		
7.37		
9.15		
8.25		
10.05		
4.53		
13.84		
5.06		
4.49		
-5.76		
-6.3		
6.79		
3.92		
1.05		
6.18		
2.41		
0.97		
8.76		
10.86		
