-4.96		
0		
10.77		
1.49		
0.27		
-0.03		
15.33		
8.32		
8.54		
4.49		
2.99		
1.24		
-3.97		
2.61		
0		
26.84		
5.88		
12.89		
-1.74		
16.77		
4.9		
-5.09		
1.55		
0		
-0.32		
-0.48		
1.61		
2.0		
-0.98		
-6.11		
0.18		
-0.84		
7.06		
5.7		
6.24		
-1.43		
4.92		
5.2		
8.18		
-7.73		
4.31		
0.29		
-0.28		
-4.06		
11.19		
3.08		
1.36		
4.52		
10.26		
0.69		
16.72		
-4.39		
7.19		
23.84		
-11.17		
-1.64		
-9.09		
1.46		
-0.29		
5.28		
8.64		
4.15		
-9.16		
-1.36		
-1.96		
-11.06		
8.52		
0.94		
0.92		
7.59		
-5.81		
1.53		
-0.3		
1.73		
-6.94		
1.06		
-4.89		
1.07		
-0.33		
-5.04		
-5.23		
-0.6		
-2.16		
