-3.94		
-3.02		
7.29		
7.08		
12.69		
3.88		
5.4		
1.57		
5.47		
-1.65		
3.29		
5.86		
6.3		
2.6		
5.16		
-3.07		
-4.04		
9.41		
-2.25		
-0.03		
10.03		
12.61		
10.61		
-0.54		
2.38		
16.13		
0.46		
10.02		
4.33		
0.47		
1.03		
9.86		
3.47		
12.14		
5.93		
1.43		
6.5		
-3.96		
-0.99		
-2.72		
-4.2		
8.68		
10.81		
0.15		
12.45		
-4.12		
-2.68		
2.96		
6.55		
2.77		
5.72		
6.85		
15.32		
6.81		
3.38		
7.22		
9.35		
4.96		
-8.6		
3.62		
3.92		
-0.87		
-0.32		
-5.38		
-1.37		
3.14		
5.67		
6.03		
0.08		
7.09		
6.87		
3.76		
5.29		
-2.83		
3.03		
5.58		
-2.36		
1.8		
-0.01		
2.33		
10.14		
3.95		
4.25		
