1.25		
5.51		
3.03		
9.9		
3.9		
12.83		
-3.19		
-4.79		
-8.46		
0.25		
4.4		
4.25		
-0.06		
-0.13		
4.11		
3.84		
1.43		
-0.31		
-1.55		
-1.06		
1.72		
10.31		
-3.08		
5.37		
-3.22		
10.58		
1.17		
6.24		
0.0		
2.59		
-0.33		
0.82		
-11.65		
3.75		
1.53		
7.88		
4.44		
-6.57		
0.96		
-5.21		
6.06		
1.14		
-0.23		
-0.33		
-2.61		
13.23		
-2.0		
6.55		
0.35		
-4.55		
4.13		
7.15		
-1.61		
2.01		
0.17		
-1.04		
6.08		
-5.98		
2.06		
-12.73		
9.49		
4.45		
2.03		
-4.51		
3.8		
2.41		
-0.63		
-14.33		
3.01		
0.9		
-3.26		
3.55		
7.4		
-1.62		
0.5		
-0.99		
11.54		
3.36		
-1.44		
-6.88		
2.59		
-7.77		
-5.98		
