-1.45		
-15.38		
-6.84		
4.03		
-7.08		
-6.63		
11.2		
-8.05		
-2.31		
-14.39		
-2.34		
-9.82		
-6.1		
-13.82		
5.16		
-12.0		
-7.85		
-8.16		
10.02		
-4.11		
-7.9		
-1.3		
-11.79		
-26.36		
-14.12		
-10.08		
-7.22		
-2.1		
6.64		
-0.41		
4.17		
4.52		
-9.53		
5.92		
-1.05		
-3.62		
10.21		
4.44		
2.08		
6.48		
-10.77		
-6.04		
15.74		
2.54		
6.49		
1.94		
-5.2		
0.55		
-11.46		
21.74		
-3.05		
6.51		
-5.15		
-5.06		
2.65		
-3.17		
-3.91		
0.14		
-33.74		
-15.82		
-20.49		
-4.2		
-10.52		
-9.91		
-2.6		
-10.38		
-10.33		
-13.99		
-3.74		
-4.36		
3.8		
-8.84		
-19.9		
-22.04		
-14.09		
-4.96		
-24.18		
-9.09		
1.38		
-10.95		
-5.03		
-6.95		
10.59		
