0.34		
-5.46		
8.52		
-5.66		
1.71		
-5.91		
-3.32		
0.48		
-8.29		
-4.81		
-14.68		
5.64		
-11.11		
0.29		
-6.56		
-8.56		
-1.28		
-7.67		
3.47		
-1.84		
1.74		
-6.91		
-7.05		
9.55		
-6.94		
-8.66		
-0.8		
-10.58		
-21.06		
-6.66		
-15.64		
-18.7		
-29.41		
-17.21		
-2.34		
-20.53		
-5.02		
-4.26		
-12.18		
-7.61		
-7.88		
-0.19		
-2.82		
-3.06		
-8.59		
-17.71		
-9.15		
-5.35		
2.29		
-34.21		
-33.33		
-2.75		
-14.69		
-8.85		
-13.81		
-23.41		
-17.61		
-2.33		
-3.91		
-10.54		
-22.21		
-11.18		
-1.54		
-10.59		
-1.05		
-1.23		
-8.64		
-12.94		
-0.34		
0.91		
-8.42		
-21.43		
-2.48		
-20.67		
-7.95		
-11.18		
3.37		
0.33		
2.98		
1.86		
0.24		
-4.25		
-4.06		
