4.86		
-18.1		
-10.65		
-7.23		
6.85		
-9.78		
-5.02		
3.42		
-2.44		
-10.87		
-17.98		
9.61		
4.61		
-11.49		
-29.34		
-14.19		
-7.92		
-17.18		
3.42		
-17.86		
-33.82		
-13.49		
-9.59		
-10.77		
14.61		
-5.25		
-0.94		
-25.37		
-13.93		
-17.26		
-20.94		
-0.74		
-20.38		
-5.01		
-16.24		
-2.68		
-2.53		
-6.6		
2.91		
-4.0		
-1.02		
-0.41		
-1.83		
-12.17		
-3.26		
-6.4		
3.23		
1.51		
-8.82		
-9.97		
-6.84		
11.91		
-9.39		
-24.68		
16.41		
-8.31		
-7.65		
-12.37		
-5.73		
-18.28		
-21.27		
-7.36		
-41.58		
-13.09		
-11.61		
-2.5		
-0.78		
-26.89		
-17.42		
-6.72		
-19.59		
-8.87		
-16.95		
-0.47		
-13.44		
-4.18		
-26.21		
-9.75		
-3.04		
-5.7		
-0.16		
-21.71		
4.94		
