16.97		
-1.91		
-2.78		
-2.99		
2.72		
-5.84		
-1.08		
21.77		
-4.6		
0.95		
-0.31		
-0.96		
-0.96		
2.31		
1.31		
-8.14		
-2.87		
9.01		
9.35		
1.3		
16.85		
3.2		
3.04		
0.84		
1.44		
-1.87		
-0.61		
1.34		
24.77		
2.89		
2.81		
8.07		
0.7		
2.87		
27.82		
5.11		
7.58		
12.68		
10.34		
16.19		
8.25		
16.83		
9.87		
-0.88		
-0.32		
1.41		
9.23		
3.57		
0.68		
-5.14		
1.85		
-0.18		
8.97		
11.99		
-0.75		
18.9		
-4.76		
4.62		
5.82		
-6.49		
-1.2		
8.17		
6.88		
2.82		
-2.04		
-14.43		
5.45		
5.81		
2.17		
11.8		
-2.91		
7.24		
9.53		
15.09		
4.69		
-0.61		
10.63		
14.13		
-0.25		
7.93		
0.32		
-0.25		
1.7		
