-23.38		
-33.47		
-2.03		
0.68		
-20.46		
-9.24		
-11.85		
-11.96		
-14.21		
-8.19		
-13.14		
-22.02		
-45.75		
-18.3		
-14.55		
-10.47		
1.37		
-12.92		
-10.33		
-13.23		
-11.87		
-15.94		
-16.15		
-19.82		
-8.83		
-27.16		
-13.23		
-24.15		
-10.35		
-30.51		
-14.12		
-17.58		
-37.26		
-12.02		
-35.55		
-35.77		
-15.32		
-14.04		
-22.46		
-24.47		
-24.78		
-2.51		
-10.63		
-19.48		
-5.04		
-6.05		
-15.94		
-20.0		
-6.51		
-26.7		
-18.85		
-12.87		
-23.31		
-35.51		
-32.94		
-28.62		
-9.75		
-15.56		
-7.99		
-9.88		
-15.53		
-9.98		
-27.25		
-12.01		
-22.55		
1.69		
-11.45		
-21.07		
-25.85		
-6.09		
-17.02		
-32.46		
-8.0		
-14.69		
-15.19		
-7.07		
-0.14		
-8.36		
-18.26		
-2.86		
-8.49		
-18.12		
-9.6		
