-3.16		
1.59		
6.91		
-2.2		
-2.02		
-0.55		
14.08		
2.21		
-1.43		
-6.98		
-1.02		
-4.03		
7.78		
2.33		
-7.0		
-5.87		
-9.55		
2.71		
1.75		
8.83		
7.97		
-11.83		
0.08		
-3.55		
3.43		
-2.3		
13.66		
8.78		
-2.08		
-14.98		
-12.46		
2.63		
-7.84		
-8.57		
-0.53		
0.99		
-14.39		
-10.3		
28.66		
-11.02		
-1.51		
1.74		
-20.82		
-40.71		
-0.02		
-0.48		
-7.06		
-14.8		
-4.6		
7.36		
-1.18		
-6.93		
6.43		
6.94		
-6.89		
6.59		
1.43		
13.16		
9.45		
13.0		
6.39		
8.67		
8.57		
6.4		
4.24		
-11.28		
-10.23		
1.22		
10.54		
8.65		
4.53		
24.54		
-4.41		
-1.76		
-0.33		
-3.85		
-3.02		
12.88		
11.92		
-0.56		
9.63		
8.63		
-3.85		
