-34.22		
-38.04		
-18.13		
-13.05		
-25.54		
-0.29		
-0.4		
-19.22		
-0.83		
-12.52		
-27.92		
-14.36		
-1.53		
-32.61		
-36.3		
-3.92		
-19.94		
2.06		
-34.89		
-38.77		
-0.2		
-12.22		
-9.32		
-7.41		
-13.68		
-22.83		
1.38		
-1.83		
-31.65		
-4.66		
-4.34		
-3.56		
-4.22		
1.25		
3.63		
-1.66		
-6.48		
-12.87		
-6.99		
-18.37		
2.89		
0		
-14.6		
-3.1		
-8.27		
-17.44		
0.57		
6.58		
16.61		
4.29		
-13.71		
-9.52		
0		
0		
-26.53		
19.45		
2.04		
-17.23		
1.39		
4.58		
-5.66		
-1.16		
3.65		
8.47		
-9.09		
0		
2.52		
0		
-12.38		
-0.5		
-4.95		
3.8		
-11.16		
3.06		
3.57		
-7.38		
-1.62		
-13.77		
-7.29		
0.6		
3.38		
0.8		
4.69		
