6.57		
0.67		
-0.73		
-0.19		
-2.91		
-5.76		
3.85		
6.55		
1.49		
-0.54		
4.66		
-4.8		
0.95		
-1.93		
0.11		
-2.96		
8.26		
12.85		
6.85		
3.64		
6.12		
-0.14		
-5.86		
6.76		
-4.44		
-10.79		
1.27		
1.87		
8.07		
-0.63		
-2.13		
2.94		
5.57		
3.18		
9.06		
-7.52		
1.07		
-5.46		
12.76		
15.58		
-9.02		
-1.49		
5.55		
7.85		
4.72		
-3.77		
13.84		
-7.59		
2.71		
6.54		
3.81		
3.56		
1.39		
0.13		
0.65		
13.27		
0.27		
0.42		
5.65		
7.54		
7.0		
0.98		
19.03		
-1.94		
3.59		
-6.79		
-7.3		
-5.19		
5.37		
0.73		
8.9		
4.01		
3.7		
-0.99		
-3.07		
0.49		
0.15		
-3.73		
-6.13		
-6.25		
-3.78		
2.0		
0.06		
