-2.02		
-0.95		
0		
-7.33		
0		
0		
-9.45		
0		
0		
-1.45		
0		
0		
0		
0		
0		
0		
-5.22		
0		
0		
0		
0		
0		
0		
-5.47		
0		
0		
0		
0.31		
-4.91		
-20.94		
-6.91		
-38.3		
-15.82		
-5.89		
-23.2		
-13.08		
-45.39		
-51.53		
4.64		
-6.45		
-19.04		
-9.9		
-20.22		
-1.56		
-39.59		
-14.3		
-12.51		
-22.85		
-32.46		
6.34		
-13.82		
-31.78		
-39.39		
-26.94		
-35.01		
-34.81		
-6.91		
-25.23		
5.04		
-11.62		
-18.26		
-18.46		
-10.21		
-6.21		
-29.77		
-24.99		
-11.92		
-11.69		
-25.35		
-14.77		
-22.55		
-10.71		
-17.55		
-13.32		
-11.89		
-26.39		
-1.78		
-33.44		
-30.96		
-2.92		
10.06		
-31.96		
-9.58		
