-5.83		
2.49		
2.13		
0.89		
-1.15		
-0.68		
0.39		
1.37		
-1.49		
0.48		
5.71		
2.8		
1.96		
-0.01		
-0.04		
2.75		
-1.33		
2.52		
2.51		
-0.92		
-3.81		
-1.91		
1.53		
-2.21		
7.13		
6.57		
-4.72		
3.64		
3.1		
3.18		
-0.68		
1.94		
2.06		
0.35		
-2.28		
1.06		
-4.37		
9.22		
0		
1.55		
4.11		
-0.46		
-8.61		
-5.16		
1.62		
1.34		
4.59		
-1.58		
-1.83		
0.99		
-0.36		
-0.94		
-0.41		
2.22		
-5.6		
-1.06		
-1.19		
1.29		
1.23		
-2.22		
3.89		
-9.14		
2.25		
1.55		
0.54		
-2.42		
-2.46		
2.79		
-1.89		
0.81		
-3.85		
5.37		
0.09		
0.21		
-4.65		
8.95		
2.91		
-3.55		
-3.51		
0		
-7.1		
-1.66		
4.45		
