9.17		
18.68		
2.89		
4.63		
7.91		
4.03		
12.85		
8.18		
9.63		
21.98		
11.74		
11.37		
4.37		
18.84		
4.7		
10.67		
8.47		
13.83		
4.03		
20.96		
22.02		
0.69		
12.57		
21.3		
-6.12		
19.0		
14.6		
13.8		
-6.32		
10.46		
24.4		
4.66		
-3.07		
18.93		
0.67		
7.14		
8.99		
15.65		
1.89		
-0.92		
-5.53		
25.4		
1.09		
9.56		
-5.39		
-7.5		
-0.21		
-5.02		
-1.04		
-0.33		
-13.95		
3.28		
0.57		
-11.0		
-0.22		
-2.67		
24.43		
1.96		
1.58		
11.73		
8.62		
26.39		
19.62		
0.45		
14.74		
11.83		
3.43		
3.3		
0.12		
4.67		
5.39		
13.34		
10.39		
31.79		
14.42		
18.15		
7.62		
16.78		
0.63		
25.53		
4.93		
1.79		
-0.24		
