-3.78		
1.81		
2.8		
4.42		
5.92		
5.87		
3.97		
5.56		
-3.07		
2.47		
-9.98		
-1.91		
2.73		
-4.12		
2.92		
-11.68		
0.75		
-6.88		
6.62		
8.27		
-13.38		
4.9		
23.82		
-4.33		
6.88		
20.18		
10.29		
15.45		
15.88		
11.03		
-5.08		
8.67		
-11.07		
26.9		
3.38		
5.1		
10.81		
4.77		
5.03		
13.18		
-21.81		
45.59		
-6.93		
-3.41		
6.98		
3.13		
3.83		
-6.73		
-3.98		
14.38		
-2.85		
21.88		
4.57		
12.66		
8.0		
-4.79		
2.74		
1.5		
0.16		
2.2		
-2.14		
-1.37		
0.09		
8.81		
5.65		
25.33		
-2.83		
0.39		
-2.66		
-2.19		
1.22		
1.09		
9.46		
0.04		
1.64		
-2.53		
-1.84		
6.42		
7.19		
-10.52		
0.19		
-1.52		
-6.15		
