-16.99		
-10.37		
-18.89		
-14.68		
-0.45		
-40.06		
-11.27		
-19.63		
-13.48		
-11.09		
-10.02		
-24.0		
-38.98		
-21.33		
-28.13		
-5.65		
-12.3		
-4.63		
-24.29		
-13.85		
-1.99		
-13.73		
-8.63		
-19.27		
-19.34		
-27.94		
10.1		
1.68		
4.68		
6.56		
6.06		
3.52		
6.7		
5.86		
5.87		
-2.44		
2.39		
-0.02		
19.37		
2.46		
12.8		
2.77		
-1.79		
2.6		
-6.89		
5.56		
-9.39		
-5.14		
-1.86		
2.4		
4.35		
-2.47		
12.7		
5.51		
-2.95		
-3.02		
-1.43		
4.25		
-1.65		
-16.7		
-2.28		
0.05		
4.46		
9.66		
-7.58		
-0.65		
-1.08		
-2.13		
15.88		
-12.26		
5.63		
-15.08		
0.35		
4.42		
1.14		
-1.54		
-13.59		
1.07		
-4.57		
7.14		
-0.23		
-4.83		
7.84		
