-6.43		
3.16		
-3.2		
0.03		
6.73		
2.61		
-2.09		
-7.04		
1.81		
-17.89		
2.73		
3.32		
4.32		
5.81		
3.97		
1.37		
12.23		
-9.19		
-8.71		
4.38		
-2.31		
-1.26		
-4.18		
10.65		
2.95		
-0.97		
-25.16		
2.09		
6.54		
3.04		
4.11		
-3.77		
1.71		
-5.3		
-1.92		
-2.63		
11.16		
0.93		
5.58		
-9.06		
10.01		
0.6		
13.0		
-2.67		
-8.4		
0.67		
-13.86		
-2.27		
11.74		
-8.11		
4.61		
4.04		
8.09		
7.76		
-2.69		
12.54		
-5.76		
5.08		
1.91		
7.14		
-2.06		
11.08		
-2.78		
-2.74		
-4.53		
-9.88		
3.26		
-6.43		
4.2		
9.86		
-15.72		
-2.87		
11.56		
-2.66		
6.63		
-3.1		
10.91		
5.89		
12.86		
6.16		
1.71		
-10.3		
-2.81		
