5.54		
6.26		
2.24		
-5.54		
-5.04		
-5.64		
-4.34		
-6.22		
1.28		
7.23		
-5.07		
-12.29		
2.66		
-3.33		
-1.62		
0.95		
-11.89		
-15.21		
14.29		
0.41		
3.75		
-8.84		
-6.3		
-3.31		
-1.72		
-7.24		
-4.06		
29.69		
-9.27		
1.21		
-22.15		
5.07		
-14.82		
-20.81		
-4.86		
-34.68		
1.02		
-17.97		
5.9		
-21.31		
-24.79		
-1.9		
-1.1		
-2.78		
-9.42		
-17.37		
-11.55		
-16.42		
0.23		
-1.62		
-5.1		
-9.43		
-44.95		
-16.49		
-15.47		
-29.39		
-12.97		
-9.48		
-20.51		
-11.76		
-3.05		
-37.81		
3.03		
-12.21		
-2.11		
-38.07		
-0.43		
-8.64		
-51.3		
-0.95		
-46.52		
-25.12		
-31.38		
-14.68		
-14.96		
-7.18		
-6.96		
-25.53		
-54.65		
-2.95		
-10.09		
-34.07		
-12.15		
