4.53		
1.27		
-0.32		
12.17		
-5.11		
-1.2		
0.56		
-5.19		
-0.79		
1.25		
-7.46		
2.67		
0.34		
4.98		
-3.62		
-8.63		
15.63		
-5.43		
-13.78		
1.62		
3.97		
-3.16		
-4.14		
-5.2		
-0.99		
2.04		
12.81		
1.01		
-5.8		
-6.78		
0		
8.27		
-2.29		
4.72		
-4.7		
-24.61		
-13.15		
-4.47		
-7.74		
-16.68		
-43.1		
9.87		
-27.62		
-10.08		
-3.31		
-24.47		
-4.59		
-23.06		
2.8		
0.98		
-0.03		
-20.42		
-23.37		
-3.14		
-7.08		
-2.32		
18.64		
0.97		
12.29		
-1.7		
11.02		
2.28		
-5.43		
5.4		
17.33		
3.33		
14.76		
3.52		
6.0		
-1.23		
-11.89		
6.19		
5.32		
8.99		
13.64		
4.13		
4.51		
3.88		
-0.83		
18.06		
3.61		
1.26		
-2.28		
