3.27		
-0.36		
0		
0.07		
-3.54		
-0.93		
-2.21		
-5.07		
5.8		
0.35		
8.1		
7.04		
0		
26.08		
2.08		
2.17		
0.34		
0.36		
0.2		
1.17		
-0.64		
0.49		
4.84		
0.27		
-1.74		
8.77		
3.68		
0		
0		
-1.07		
1.59		
5.24		
-5.39		
0.21		
8.0		
-2.33		
-2.51		
-7.0		
-4.18		
0.18		
5.55		
-0.5		
-3.2		
-1.95		
3.32		
2.31		
-0.07		
-5.5		
4.3		
-8.8		
0.34		
9.07		
0		
-1.15		
-2.15		
-0.1		
0.42		
-6.21		
3.41		
-3.93		
-5.67		
9.03		
2.59		
-0.5		
5.81		
12.33		
9.56		
0.53		
-0.49		
3.97		
3.49		
9.27		
0		
1.84		
0		
-1.06		
4.94		
8.18		
4.78		
8.73		
-4.91		
1.15		
0.28		
