13.81		
24.2		
-24.08		
-3.88		
7.69		
-1.27		
-3.57		
9.83		
-3.98		
3.33		
-9.51		
-6.01		
2.92		
-0.9		
-9.2		
1.42		
5.68		
4.91		
4.9		
-3.05		
-11.23		
9.84		
4.51		
9.5		
3.28		
2.5		
0.24		
6.09		
-2.42		
0		
0		
0		
0		
0		
0		
-4.33		
0		
2.86		
0		
0		
0		
0		
0		
0		
0		
0		
0		
-9.52		
0		
0		
0		
0		
0		
0		
0		
0		
0		
1.79		
0		
0		
2.69		
0		
0.58		
8.24		
0.06		
0.05		
1.93		
0.57		
-0.7		
-9.64		
4.1		
-0.75		
-0.68		
5.01		
-6.13		
6.65		
-2.1		
-10.41		
15.98		
4.29		
-4.71		
-0.5		
-7.6		
12.45		
4.22		
0.86		
1.67		
2.38		
5.15		
0.27		
