6.09		
0.71		
-0.35		
2.41		
-2.99		
-0.61		
-5.14		
-2.57		
10.15		
0.62		
1.39		
7.39		
-4.43		
3.64		
0		
2.94		
9.22		
1.38		
-7.29		
8.8		
4.35		
5.87		
4.53		
0		
0		
-4.85		
-2.91		
3.92		
0		
1.15		
-0.92		
-1.97		
3.27		
2.48		
1.27		
-1.3		
-1.25		
0.58		
0		
10.23		
4.28		
0.35		
3.6		
3.53		
2.99		
5.57		
9.32		
-1.05		
-1.11		
-4.8		
-3.66		
11.4		
-3.22		
0		
0		
4.01		
15.71		
-3.58		
2.09		
-4.87		
0		
-1.97		
0		
-1.07		
8.49		
13.85		
0		
0		
0		
-0.48		
-13.69		
4.02		
4.11		
-0.83		
-0.56		
1.33		
5.8		
7.06		
0		
0		
1.74		
4.22		
-0.1		
-1.83		
-2.59		
-10.62		
-3.33		
-1.87		
4.69		
-1.06		
-0.6		
0		
-1.49		
-0.73		
6.14		
-2.8		
-4.32		
-2.31		
-4.16		
-5.17		
-5.98		
0.93		
-4.86		
0.87		
-4.89		
-2.13		
1.73		
-2.34		
4.73		
-1.59		
1.88		
0.05		
-2.67		
-5.82		
-2.97		
0.0		
5.99		
1.59		
-0.75		
-1.18		
4.67		
-7.67		
0		
0.34		
0		
2.35		
-1.34		
-0.13		
-2.23		
-5.17		
3.74		
0.57		
-2.85		
-0.17		
-0.86		
0.75		
0.0		
-1.07		
2.99		
-1.82		
0		
4.74		
0.79		
2.35		
3.71		
-5.36		
2.05		
-0.27		
-0.12		
-0.11		
-3.23		
-5.21		
-2.6		
-4.01		
0.05		
1.17		
-2.27		
-1.37		
2.16		
0.63		
0.46		
0.65		
-0.16		
4.01		
-0.51		
0.4		
0		
0		
0		
0		
0		
0		
0		
0		
0		
0		
0		
0		
0		
0		
0		
0		
0		
0		
0		
0		
0		
0		
0		
0		
0		
0		
0		
0		
0		
0		
0		
0		
0		
0		
-1.07		
0		
0		
0		
0		
0		
0		
0		
0		
0		
0		
0		
0		
0		
0		
0		
0		
0		
0		
0		
0		
0		
0		
0		
0		
0		
0		
0		
0		
0		
0		
-1.9		
0		
0		
0		
0		
0		
0		
0		
0		
0		
0		
0		
0		
0		
0		
1.43		
0		
0		
0		
0		
0		
0		
0		
0		
0		
0		
0		
0		
0		
0		
