3.21		
-1.3		
-0.53		
-2.72		
-7.8		
0		
0.54		
-1.95		
-3.79		
0		
-2.68		
-2.06		
-0.59		
-1.18		
-3.04		
0		
-1.32		
-5.64		
2.94		
0.4		
0		
-0.9		
-8.53		
-1.9		
0		
0		
0		
-6.08		
-3.11		
-0.98		
-7.46		
-4.21		
-0.95		
0		
-6.5		
-0.26		
-1.58		
3.54		
0.25		
-2.95		
-0.39		
0.56		
-2.52		
0		
0		
0.01		
0		
-0.81		
2.0		
-1.94		
-2.09		
-6.99		
-0.64		
3.96		
-1.09		
2.04		
0		
-2.0		
0.27		
0.32		
13.26		
0		
4.35		
0.5		
1.36		
-2.86		
0		
-3.39		
0		
0		
-2.64		
0		
-0.77		
8.26		
0		
-1.54		
-6.69		
-1.77		
-2.71		
1.96		
1.15		
-2.55		
0		
-6.92		
-10.77		
-1.57		
5.16		
3.34		
-0.39		
-1.38		
2.83		
1.9		
-4.23		
-1.58		
2.04		
-5.29		
-0.55		
-6.58		
-0.65		
-1.01		
0.15		
-0.62		
-0.44		
-1.54		
-0.7		
0.8		
0.2		
2.94		
2.02		
1.01		
6.96		
4.87		
-0.78		
-9.95		
0		
-0.95		
1.48		
7.3		
-5.05		
-0.65		
0.56		
1.39		
3.64		
0		
-0.07		
6.77		
-2.44		
6.87		
0.73		
-0.57		
13.1		
-6.48		
-3.74		
-1.46		
-0.02		
-2.77		
-1.03		
1.5		
0.27		
5.66		
1.46		
2.89		
-0.9		
0.05		
-1.55		
0.24		
3.65		
2.66		
6.39		
-0.3		
1.52		
-3.77		
4.48		
0.47		
3.06		
-1.12		
-4.0		
3.45		
-5.58		
1.59		
-3.44		
-0.63		
-1.03		
0		
-0.16		
0.95		
4.02		
1.59		
1.29		
0.6		
2.42		
4.09		
-6.77		
-0.74		
-2.94		
1.57		
-2.26		
-14.78		
2.57		
1.49		
6.09		
-2.48		
-0.69		
1.8		
-0.84		
1.21		
-0.13		
3.89		
-0.62		
-4.8		
8.69		
2.41		
-0.81		
-0.67		
-6.27		
-0.05		
4.22		
4.8		
0.65		
-5.74		
-1.57		
4.89		
3.63		
-3.44		
3.45		
-13.81		
2.3		
3.32		
-11.84		
9.27		
1.28		
0		
1.35		
-2.13		
9.37		
-1.58		
-3.66		
-6.03		
2.49		
4.79		
2.11		
-1.67		
-0.14		
6.06		
-1.95		
-1.02		
5.38		
2.75		
-1.1		
9.22		
0		
1.08		
-0.91		
2.97		
0.1		
1.69		
2.7		
2.01		
-0.99		
1.5		
2.72		
-4.36		
-0.85		
-0.75		
-5.5		
-2.79		
6.76		
0.05		
1.43		
