-1.27		
2.46		
0		
-0.86		
12.4		
3.8		
-0.13		
-19.15		
0.98		
-2.99		
-5.5		
-1.18		
-0.04		
0.42		
-0.77		
-5.34		
5.49		
3.53		
-1.4		
-3.99		
-2.65		
1.75		
-0.75		
2.48		
3.88		
-5.31		
2.97		
-3.99		
0.8		
-7.42		
-3.01		
-2.8		
-6.75		
1.9		
-3.76		
-0.03		
2.84		
1.56		
-5.98		
0.96		
0		
-1.31		
2.12		
-1.34		
-0.48		
-1.87		
7.61		
-4.54		
-0.09		
-12.64		
0		
-0.32		
-4.15		
-10.93		
-2.7		
4.31		
-1.41		
1.75		
-0.71		
-2.97		
3.46		
4.61		
-1.69		
0		
3.43		
-2.35		
5.16		
-2.86		
-14.76		
2.53		
-0.68		
1.13		
-1.07		
1.41		
0.33		
4.85		
0.72		
4.58		
-2.53		
0.42		
-2.23		
-1.76		
-1.32		
-2.03		
-6.32		
0.95		
0		
-0.79		
-10.11		
-0.74		
0		
5.6		
1.02		
4.39		
1.76		
1.61		
0.15		
5.66		
0.52		
0.86		
1.06		
-6.81		
-1.34		
4.96		
-1.97		
0.98		
3.81		
4.61		
0		
8.16		
-5.47		
-3.18		
1.31		
7.36		
-4.04		
6.86		
-3.83		
-2.02		
0.21		
0.12		
2.65		
5.05		
9.15		
-3.25		
2.06		
1.44		
12.92		
-0.36		
0.53		
-7.59		
8.4		
3.09		
0.21		
4.01		
-2.81		
-0.71		
-1.36		
4.9		
1.57		
8.29		
-5.22		
2.2		
-3.78		
-0.3		
-7.48		
-4.35		
-5.44		
-0.4		
-8.12		
10.26		
1.53		
1.68		
0.92		
2.03		
1.8		
-6.37		
-10.3		
2.42		
-3.53		
0.9		
5.06		
0.58		
1.94		
-4.02		
-5.09		
7.69		
-0.66		
4.63		
-0.31		
-0.34		
-21.72		
-2.71		
-5.29		
-1.56		
-1.59		
8.26		
6.32		
-0.49		
3.73		
6.86		
6.54		
-1.96		
-4.7		
2.16		
-2.82		
0.18		
-1.74		
-0.91		
7.36		
4.54		
-0.06		
3.82		
2.1		
1.49		
4.15		
0.43		
2.98		
5.66		
3.71		
-3.2		
6.55		
5.35		
4.8		
-2.25		
5.33		
-7.1		
6.01		
8.45		
-0.31		
-4.6		
-0.34		
-2.98		
4.4		
-2.38		
2.22		
7.73		
2.09		
-8.91		
0.97		
-2.06		
-7.71		
-1.84		
6.01		
-3.75		
-2.74		
1.81		
-5.12		
-0.12		
-1.97		
-8.12		
1.03		
-4.19		
-0.39		
0.63		
-2.71		
-1.01		
-5.39		
2.76		
3.14		
-0.84		
7.25		
0		
-1.16		
-4.71		
13.45		
-1.78		
-7.92		
-3.41		
3.53		
