14.49		
-1.33		
0.0		
-1.06		
4.78		
1.3		
4.08		
-3.55		
3.98		
-2.39		
0		
1.26		
0.32		
0.17		
8.87		
-0.42		
-3.5		
0.57		
7.08		
-0.67		
12.99		
1.77		
-0.67		
-0.04		
-4.67		
3.24		
-11.16		
0		
-1.69		
0.21		
10.42		
-5.84		
-1.63		
3.51		
-1.88		
-0.08		
-6.79		
2.72		
-5.79		
-0.15		
0		
-3.65		
0.22		
1.71		
-4.45		
0		
-0.58		
7.19		
-2.18		
-3.12		
-9.97		
5.4		
-0.82		
-0.24		
0		
2.77		
0.72		
3.36		
0.69		
-2.95		
8.35		
6.77		
-15.62		
6.39		
1.75		
0.5		
-0.8		
7.08		
2.93		
-0.96		
2.18		
-7.61		
0		
-1.55		
2.41		
7.75		
2.5		
0.92		
-0.66		
-0.2		
-4.86		
3.44		
3.34		
3.22		
13.93		
0		
-3.06		
0.04		
-3.19		
-0.72		
-5.08		
-0.37		
-2.54		
9.37		
1.11		
1.35		
1.61		
-18.06		
0.94		
-1.55		
-3.1		
0.55		
1.97		
-0.12		
0		
11.82		
-7.29		
1.2		
1.67		
2.93		
2.72		
1.4		
5.38		
-1.67		
-1.06		
1.78		
0.89		
1.47		
-3.29		
-10.65		
12.81		
2.07		
1.91		
8.43		
1.74		
3.16		
0.28		
-5.51		
1.23		
-1.44		
-0.54		
2.47		
-1.26		
-3.01		
1.03		
-1.65		
0		
1.88		
3.47		
-2.2		
-2.4		
0		
-1.6		
-3.15		
3.34		
-1.39		
0		
-6.08		
2.94		
0.81		
-0.23		
-1.24		
0.82		
-13.48		
-3.77		
-4.56		
1.88		
4.71		
2.37		
-4.88		
-11.56		
-9.56		
-5.18		
5.09		
1.14		
3.39		
0.21		
-9.2		
1.57		
3.1		
1.61		
-3.36		
-3.31		
-2.17		
-4.45		
-1.48		
-3.86		
-2.5		
0		
0		
5.87		
3.17		
-2.55		
-0.13		
-7.0		
-3.13		
1.31		
4.1		
9.71		
0		
-12.94		
-2.33		
-1.62		
-6.79		
0		
-4.37		
-12.21		
-11.63		
-0.36		
-3.1		
1.26		
-5.25		
3.29		
-1.43		
0.12		
-9.1		
0.6		
-0.07		
-1.4		
-0.46		
-2.43		
-0.11		
-1.27		
0.49		
0.32		
-1.21		
-3.33		
-0.43		
1.22		
-3.96		
-8.82		
-3.95		
0.01		
-3.99		
0		
0.92		
-3.25		
3.43		
-6.07		
2.44		
-2.97		
-2.14		
1.89		
-4.62		
-5.3		
-8.2		
-3.49		
3.68		
1.97		
-1.76		
-1.66		
1.9		
0		
-2.26		
1.07		
5.9		
-1.66		
-0.65		
-19.41		
