0.67		
0.23		
-2.13		
0.75		
-11.72		
1.3		
-0.23		
-2.48		
6.46		
3.92		
-12.62		
2.53		
-8.18		
0.38		
-4.74		
-4.84		
-0.44		
-3.83		
-3.85		
-3.18		
0.65		
0.08		
-2.23		
-12.76		
-5.4		
-8.18		
-3.28		
0		
-18.51		
-10.04		
-17.69		
-7.84		
-0.04		
4.34		
-2.93		
-1.0		
-1.78		
-12.98		
-4.83		
0		
-2.82		
-3.1		
-4.78		
-7.17		
12.45		
-16.47		
3.89		
-0.14		
-6.87		
-4.17		
-5.44		
2.41		
-3.91		
-3.19		
-3.9		
0		
-6.29		
-6.37		
-4.69		
-1.81		
0.42		
-2.12		
-4.05		
2.47		
-0.98		
-1.49		
0.65		
-1.06		
-1.92		
-1.74		
-12.16		
-0.25		
1.58		
4.31		
-2.26		
-16.4		
0.51		
0		
-5.68		
-1.25		
3.08		
-11.23		
-12.55		
-0.34		
0.32		
-1.07		
0		
0		
-10.56		
-8.14		
-3.79		
3.18		
-1.79		
-35.17		
-0.98		
0		
-4.43		
-15.42		
0		
-15.57		
-0.27		
0		
-5.52		
-0.91		
-1.59		
-4.73		
-20.7		
-0.98		
0		
-9.26		
-7.75		
-4.97		
3.37		
0		
1.83		
-2.18		
-21.46		
0		
-3.79		
-0.48		
-1.35		
0		
-16.38		
-3.26		
-27.16		
1.18		
-7.23		
0		
-0.23		
-3.12		
-5.51		
-17.39		
-14.7		
-11.09		
0		
0		
0		
-42.71		
-1.4		
0.7		
-8.04		
0		
-6.6		
-8.07		
-35.85		
3.33		
-18.06		
-19.63		
-1.02		
-4.64		
-0.69		
0.16		
0		
-44.36		
-15.79		
-5.77		
-18.66		
0		
-4.26		
-23.37		
0.5		
4.35		
1.96		
4.16		
0		
0		
0		
-7.12		
-13.46		
6.04		
-1.22		
-23.67		
-1.72		
6.3		
8.7		
0		
4.62		
-10.73		
-2.96		
-16.3		
-0.58		
2.5		
-1.13		
10.8		
0		
-4.26		
-15.9		
-1.23		
-12.05		
-18.42		
-15.31		
-11.12		
-0.38		
-4.59		
0		
-10.05		
-23.16		
-5.98		
8.52		
0		
-2.43		
-13.65		
1.42		
-5.21		
7.72		
-12.36		
7.86		
-3.22		
-27.34		
0.9		
-2.33		
-11.2		
-0.98		
6.55		
-12.92		
-2.7		
-0.78		
-2.92		
-8.14		
0		
-19.93		
10.48		
-13.57		
-2.91		
-6.83		
-5.06		
7.66		
-5.15		
7.16		
-1.51		
4.52		
-3.45		
0		
0		
-0.92		
5.54		
-6.48		
-4.85		
-20.79		
-11.37		
-6.65		
6.52		
-7.11		
-0.05		
-16.75		
-7.62		
-0.34		
0		
-2.64		
