-4.3		
-0.24		
0		
0		
9.57		
37.43		
3.07		
0		
-4.9		
0		
6.08		
0		
-1.58		
10.36		
1.93		
4.94		
-4.59		
-4.83		
0		
-5.78		
1.22		
14.39		
1.04		
13.89		
0		
6.36		
2.15		
0		
13.55		
1.93		
8.76		
5.07		
-14.9		
3.5		
8.49		
2.49		
-2.31		
3.13		
0.84		
-3.05		
0		
0		
-14.89		
0		
-2.44		
7.97		
4.85		
-5.78		
0		
0.54		
2.4		
1.02		
0.14		
0		
0.46		
-0.87		
0		
-0.05		
5.6		
0		
6.37		
0.66		
2.13		
-1.19		
1.02		
0		
-4.25		
-20.23		
8.14		
1.06		
-2.9		
5.62		
8.74		
-1.34		
6.92		
1.03		
-2.74		
-7.75		
3.07		
8.89		
5.27		
-13.84		
-1.18		
-4.25		
-8.13		
0.15		
-0.46		
-6.26		
-0.48		
2.25		
2.63		
0.82		
0.67		
-6.26		
3.9		
3.16		
2.29		
1.98		
-9.08		
0.73		
-1.12		
3.35		
-2.21		
6.24		
-1.52		
-1.97		
-1.94		
0		
4.84		
-5.19		
-7.2		
-4.2		
-6.96		
5.45		
-2.21		
-1.48		
-0.35		
0		
-0.69		
-3.67		
-2.75		
-6.51		
-0.6		
-4.25		
-1.08		
-7.27		
-1.14		
5.94		
-0.2		
0.79		
-10.2		
-2.56		
2.19		
-3.13		
0		
-4.29		
-10.07		
-5.03		
-6.27		
3.86		
-2.67		
-0.26		
0.78		
-1.3		
3.99		
-6.92		
-3.22		
0.32		
-1.41		
5.22		
4.94		
-1.28		
-3.0		
0		
-5.9		
-2.5		
-1.98		
-2.19		
-2.2		
8.56		
3.24		
-6.28		
2.19		
-2.49		
0.12		
-0.75		
20.75		
13.27		
2.03		
1.5		
-4.81		
0		
0		
-1.6		
0		
0		
0		
-2.72		
-2.34		
0.05		
0		
0.98		
-1.98		
0		
0.64		
-2.19		
-2.88		
0		
1.05		
0		
0		
-4.35		
5.48		
7.52		
-3.26		
9.94		
-9.37		
-0.91		
0.26		
-0.85		
-1.62		
1.43		
4.08		
0		
-15.17		
-9.88		
6.83		
0		
0		
3.06		
0		
-5.53		
-0.76		
0		
-1.01		
-2.27		
-2.79		
14.11		
5.09		
-2.88		
-9.87		
2.96		
2.06		
-13.55		
2.0		
-0.05		
5.71		
2.03		
-0.54		
0		
-1.67		
1.27		
-4.06		
0.15		
-1.46		
-0.4		
0.47		
1.23		
0.62		
-0.95		
0		
0		
-3.48		
0.42		
-1.86		
-0.13		
-0.19		
0		
0		
