0.47		
-0.35		
1.9		
8.18		
5.58		
0.39		
0		
6.55		
-0.03		
-1.15		
0		
-0.82		
5.14		
-0.79		
16.25		
-0.01		
-1.07		
3.38		
0.98		
3.97		
4.3		
0.01		
2.21		
0		
10.06		
-1.66		
0.61		
-8.19		
0.74		
3.56		
-0.31		
0.94		
11.86		
4.61		
-3.12		
-4.43		
0.64		
-1.19		
0.83		
2.0		
-2.12		
1.08		
-0.93		
5.79		
-2.91		
1.35		
1.6		
-1.02		
-0.93		
4.94		
3.49		
-4.3		
1.01		
2.98		
4.4		
7.6		
8.36		
-4.48		
12.18		
-1.73		
4.62		
3.81		
6.8		
2.81		
10.87		
0.86		
4.56		
5.26		
8.19		
-0.86		
-5.39		
-2.22		
3.73		
0		
-1.09		
-0.08		
0.21		
0.6		
8.15		
6.22		
17.49		
0		
3.01		
1.14		
-2.57		
12.15		
-4.03		
5.07		
10.85		
5.02		
0		
-3.35		
12.19		
11.34		
1.98		
-1.3		
8.85		
0		
4.08		
6.06		
13.0		
1.67		
-1.1		
0		
12.73		
1.71		
4.94		
0		
1.94		
1.67		
12.47		
2.76		
4.07		
3.37		
1.41		
4.98		
0		
5.74		
1.43		
0		
0.51		
-1.12		
11.41		
5.11		
15.9		
4.18		
3.65		
-0.45		
-2.0		
-22.59		
5.33		
0		
0.5		
0.37		
-3.96		
2.31		
0.54		
4.61		
0		
1.31		
0		
-0.57		
0		
2.31		
-12.57		
0		
6.96		
0.1		
-6.94		
7.8		
-0.84		
1.18		
2.26		
2.22		
3.8		
7.66		
-0.38		
-2.49		
0		
6.6		
-0.48		
-19.1		
-1.1		
-1.4		
-10.9		
-0.95		
0.89		
-10.18		
-3.13		
0.66		
-0.69		
2.21		
-0.79		
14.72		
0.09		
-5.47		
1.03		
-5.75		
-3.39		
2.46		
0.24		
-2.0		
-4.49		
-0.2		
-3.23		
1.28		
-4.79		
4.39		
-4.62		
-5.15		
-6.65		
6.76		
-0.72		
0		
0		
-0.62		
-1.14		
0.58		
-2.39		
3.38		
-3.07		
-1.61		
-1.32		
0		
-4.53		
-18.85		
3.71		
-10.32		
2.67		
0.09		
-2.1		
21.17		
0		
0		
-6.33		
-1.44		
-6.05		
-6.38		
-7.76		
-0.06		
-4.39		
2.0		
1.46		
-2.25		
-4.55		
-1.29		
0.34		
-13.71		
-0.23		
1.69		
-5.54		
-14.33		
-10.83		
2.42		
-1.81		
-6.61		
-2.55		
1.3		
-1.21		
-0.33		
-8.28		
0		
6.15		
1.49		
0		
-1.56		
1.02		
4.02		
-7.81		
