-0.19		
6.73		
-0.11		
0.61		
4.66		
0.96		
1.07		
4.39		
-0.34		
2.55		
3.4		
1.19		
-7.9		
6.29		
-8.09		
1.35		
1.82		
-1.25		
1.32		
-5.38		
11.23		
-3.69		
-3.05		
-2.34		
2.52		
-3.91		
0		
3.12		
1.52		
2.45		
0		
-0.73		
-6.31		
3.19		
1.66		
1.93		
-4.42		
-0.16		
-0.99		
-0.94		
-5.71		
0.21		
4.67		
3.53		
1.56		
-5.18		
9.19		
-3.03		
2.64		
0.57		
6.34		
2.41		
2.54		
-1.02		
-0.91		
3.29		
-11.97		
-2.94		
-2.18		
1.7		
-1.61		
0.97		
0.82		
-2.96		
-1.0		
1.53		
-1.06		
2.77		
-0.91		
-1.27		
4.87		
-0.31		
-3.92		
-5.46		
0.02		
0.02		
-0.79		
-5.05		
6.19		
-4.99		
2.33		
5.21		
2.66		
-2.56		
-1.22		
2.45		
-4.22		
3.23		
-3.41		
1.4		
-0.64		
2.44		
-5.65		
-3.81		
0.82		
-0.99		
-0.76		
-0.15		
-5.64		
-1.57		
-2.81		
1.22		
-3.44		
1.93		
-3.32		
0.88		
0.84		
-4.59		
-5.45		
-0.47		
-2.29		
-3.12		
-5.85		
-2.84		
1.81		
2.74		
-0.7		
-8.27		
-2.18		
0.47		
1.13		
-4.07		
1.59		
-0.99		
5.88		
6.18		
-7.57		
-2.09		
-2.9		
-8.81		
0.03		
-0.68		
9.16		
-11.01		
-1.9		
0		
4.92		
-3.47		
-2.01		
0		
4.06		
0.76		
-2.02		
-0.31		
0.22		
-1.54		
-1.71		
-1.23		
0.25		
-0.31		
4.46		
-2.2		
0.6		
-4.53		
1.77		
-6.06		
0		
1.81		
-2.42		
3.96		
-4.99		
-4.1		
3.47		
-2.6		
7.64		
-3.39		
-0.25		
0.14		
3.75		
2.59		
4.35		
-3.17		
-1.14		
-2.15		
-3.55		
-11.43		
-7.62		
1.09		
-1.21		
4.86		
1.5		
-2.8		
-8.75		
5.76		
6.29		
-15.06		
-0.21		
-1.3		
-5.07		
3.83		
8.7		
3.0		
-2.31		
10.8		
-2.09		
1.97		
-6.31		
-4.37		
-7.21		
8.11		
-4.94		
2.45		
-0.99		
-1.29		
-6.1		
-8.13		
0		
-1.67		
5.24		
2.84		
-4.3		
-0.96		
0.98		
0		
-7.28		
1.9		
0.68		
5.59		
2.86		
-6.97		
0.98		
-0.78		
-5.7		
4.28		
-0.76		
-3.39		
-5.01		
-6.53		
2.65		
1.97		
-3.18		
1.62		
-1.07		
-6.69		
0.27		
0		
-3.69		
0.88		
3.41		
-3.14		
6.05		
0.57		
2.33		
-2.27		
2.06		
5.73		
1.59		
-5.6		
0.89		
