-0.93		
-5.4		
-0.98		
-3.86		
-5.58		
0.21		
-1.98		
0		
23.28		
5.03		
0.33		
-7.25		
0		
0		
-0.83		
12.21		
0		
-5.69		
-14.75		
-3.49		
-10.72		
-25.64		
0		
0.54		
-2.29		
0		
-0.17		
-4.69		
-4.95		
0		
-5.59		
0		
-0.53		
-2.97		
-0.83		
-5.76		
0		
-2.69		
0		
-5.65		
-0.53		
0		
-2.88		
-0.38		
-3.86		
-0.83		
1.7		
10.78		
-4.43		
7.13		
-2.75		
-4.58		
-3.52		
-1.38		
-2.29		
-2.29		
0		
-6.26		
-0.93		
1.13		
0		
-0.62		
-1.4		
-0.98		
23.08		
0		
-7.41		
0		
-3.3		
-6.22		
-1.12		
0		
-1.69		
61.82		
-1.21		
0		
2.72		
52.57		
-1.5		
-0.21		
9.07		
-10.84		
-2.0		
0		
0.37		
-0.76		
0		
0		
-0.54		
-0.16		
0		
0		
-1.07		
-1.31		
-5.28		
0		
1.9		
1.91		
0		
0.21		
0		
-1.01		
0		
2.05		
0		
0		
-0.42		
0		
9.08		
-1.04		
0.11		
-0.03		
0		
1.9		
0		
2.66		
0		
-0.26		
0		
0.01		
-0.01		
0		
3.81		
-0.91		
3.04		
1.61		
-0.21		
0		
-5.18		
1.58		
0		
0		
0.67		
-1.6		
0		
1.37		
-3.25		
0.54		
0		
0		
-0.99		
-2.55		
0		
-0.19		
1.51		
0		
-0.84		
-0.65		
-0.46		
0		
-1.02		
1.84		
4.49		
-0.36		
0		
0		
0		
0		
0		
0		
-0.64		
0		
1.32		
0.37		
0		
5.72		
3.31		
-5.2		
-0.24		
5.58		
-1.19		
2.58		
-1.57		
-0.46		
0		
0		
-3.67		
-0.87		
-3.32		
-0.19		
8.52		
-2.69		
1.3		
-3.49		
1.34		
1.55		
-1.52		
0		
0.47		
1.09		
0.17		
-1.18		
1.69		
-0.68		
-6.62		
0.7		
0.5		
0		
-2.88		
2.95		
4.13		
-1.5		
0.49		
0		
0		
0		
-10.73		
-3.74		
-7.04		
-0.06		
-6.52		
-2.76		
0		
2.55		
-6.68		
-0.2		
-0.83		
0		
1.6		
3.44		
0		
0		
0		
0		
7.61		
-0.04		
-0.97		
-0.83		
-2.48		
1.8		
4.29		
-1.68		
0		
-3.02		
-0.95		
1.61		
-1.91		
-5.57		
3.16		
10.01		
1.58		
0.68		
3.62		
0.0		
0.45		
-3.49		
0		
-0.18		
-3.21		
