0.38		
2.61		
-3.23		
-3.83		
3.28		
0.72		
-0.85		
4.76		
-10.52		
4.05		
-3.41		
1.08		
-9.94		
0.74		
0.38		
1.49		
-2.01		
-7.87		
-1.12		
-0.5		
11.57		
-0.06		
0.5		
-8.59		
-6.33		
-1.56		
6.41		
-0.94		
7.45		
-5.72		
1.98		
2.32		
1.68		
-7.48		
2.96		
1.03		
-10.85		
6.87		
4.56		
3.58		
9.04		
5.77		
14.11		
6.07		
5.64		
5.98		
4.65		
5.59		
4.45		
-5.48		
1.61		
2.79		
0		
2.26		
2.06		
-0.11		
-9.74		
5.76		
0.09		
4.35		
8.44		
-1.71		
0.7		
3.92		
4.23		
-0.83		
2.34		
1.98		
1.72		
-0.53		
4.91		
9.57		
6.27		
-3.31		
3.0		
-3.69		
-6.14		
1.35		
4.92		
1.92		
1.57		
6.32		
3.8		
-2.99		
2.54		
7.05		
4.12		
9.18		
7.02		
0.37		
9.0		
0.51		
-0.29		
1.04		
4.94		
-1.71		
-0.08		
0.01		
-0.47		
-0.03		
3.62		
8.93		
1.53		
-2.1		
0.13		
-0.7		
1.76		
-0.56		
-2.02		
-3.23		
-0.64		
-4.17		
0.67		
2.78		
0.93		
-5.4		
1.85		
2.81		
-4.52		
-0.5		
-1.04		
0.41		
-2.47		
12.59		
5.37		
12.4		
0.28		
-0.1		
-1.24		
3.19		
7.02		
2.28		
0.04		
-6.82		
-7.08		
1.62		
5.61		
-0.71		
4.52		
2.25		
-9.99		
2.78		
10.68		
-1.59		
-1.06		
-1.26		
-4.29		
-2.9		
-2.41		
6.24		
3.58		
-0.13		
2.26		
4.6		
9.85		
2.03		
-0.5		
0.3		
0.87		
2.14		
14.93		
-0.74		
-1.46		
-0.7		
4.24		
7.74		
5.21		
6.89		
0		
-2.35		
0.75		
-7.63		
-12.42		
-4.51		
-5.93		
-0.85		
-2.71		
0.48		
10.21		
0.05		
2.02		
-0.74		
14.92		
1.64		
0.46		
-1.19		
6.58		
6.97		
3.22		
4.16		
2.21		
7.33		
4.61		
-6.0		
-3.24		
-12.79		
1.17		
6.2		
1.21		
2.5		
0		
1.03		
-4.76		
1.6		
4.43		
-3.97		
4.23		
-2.91		
1.11		
-1.88		
-1.07		
1.6		
1.71		
4.97		
-2.8		
9.38		
3.54		
-5.09		
4.58		
0		
-6.02		
-5.68		
2.42		
2.35		
10.03		
-2.95		
1.39		
0.03		
-3.09		
6.74		
5.03		
11.09		
0.21		
4.86		
-0.12		
4.62		
3.23		
5.26		
6.85		
-0.28		
2.75		
6.54		
5.72		
3.6		
-0.69		
0.16		
-0.12		
-5.78		
-1.53		
