-1.9		
7.45		
-2.25		
0.42		
6.33		
3.67		
4.05		
1.05		
-0.96		
3.67		
0		
0.9		
-3.76		
0.08		
0.76		
3.86		
-6.35		
7.4		
3.15		
0.36		
5.97		
-3.63		
-0.23		
-0.03		
0		
1.43		
0.13		
-3.48		
1.43		
0.42		
3.61		
4.74		
2.77		
0.24		
0.54		
9.74		
-0.25		
-0.14		
-0.09		
-0.07		
0		
2.6		
-3.14		
-0.15		
2.67		
1.48		
2.47		
1.35		
1.68		
5.93		
6.28		
0.43		
-1.94		
1.07		
9.16		
-0.62		
0.75		
0.14		
0.37		
10.11		
-1.63		
2.89		
4.05		
0		
0.89		
0.67		
0		
2.13		
1.79		
-0.66		
1.94		
-5.67		
2.53		
-1.76		
3.06		
7.06		
-0.1		
0		
4.56		
10.48		
0.82		
1.11		
-1.3		
0		
2.66		
5.89		
-1.08		
-1.6		
9.45		
0.29		
7.61		
1.35		
-0.42		
-6.58		
3.29		
-0.74		
4.23		
3.12		
-1.99		
12.96		
4.9		
-1.58		
-0.45		
3.65		
0.2		
5.46		
3.16		
-0.7		
1.05		
-0.08		
-2.64		
-5.46		
1.88		
2.58		
0.06		
-8.94		
1.43		
0.27		
3.38		
-1.46		
-0.36		
-5.68		
2.87		
2.59		
-3.88		
0.6		
-3.38		
1.43		
3.24		
-3.02		
9.93		
2.97		
5.89		
2.5		
11.74		
4.02		
0.48		
-0.55		
-0.27		
-8.37		
-9.26		
-4.7		
0.88		
-0.91		
-1.32		
-0.37		
4.21		
4.19		
5.82		
1.21		
0.17		
0.26		
-0.18		
3.26		
1.61		
1.88		
13.66		
2.36		
6.13		
-0.52		
-0.84		
-0.7		
0.33		
1.42		
7.31		
-0.13		
-6.06		
4.58		
0.75		
-0.47		
3.55		
5.52		
-0.81		
-1.9		
-0.67		
0		
3.58		
0		
-5.44		
5.02		
-1.85		
6.67		
-0.74		
1.08		
-0.82		
0.09		
-0.21		
3.35		
12.21		
-3.28		
0		
0		
1.39		
-2.02		
4.11		
7.52		
-0.38		
-8.04		
0.63		
0.7		
9.18		
-3.7		
1.7		
3.42		
2.64		
-0.81		
-1.34		
-3.09		
-0.19		
-0.83		
9.96		
1.35		
-1.31		
1.17		
3.34		
6.99		
0		
12.45		
3.91		
-4.71		
2.08		
7.25		
-10.4		
-0.34		
2.72		
4.28		
1.44		
2.25		
-0.8		
-0.26		
-0.47		
3.72		
2.97		
5.95		
-0.6		
2.28		
0.67		
2.46		
5.09		
-0.16		
-1.31		
0.33		
-0.89		
5.79		
0		
13.41		
4.24		
3.24		
-0.49		
