-2.25		
-0.77		
-0.43		
0.8		
0.65		
-0.5		
1.93		
0.17		
8.54		
2.6		
-0.1		
7.26		
0.16		
2.88		
0.57		
1.71		
8.14		
-0.55		
6.04		
0.64		
-0.26		
-3.1		
-1.17		
2.61		
4.7		
0.72		
0		
0		
-0.94		
2.03		
5.81		
-1.26		
3.2		
-1.85		
0.78		
-1.88		
-1.59		
0.92		
-6.28		
4.44		
4.26		
0.09		
0.89		
6.49		
3.07		
1.17		
-3.29		
-0.2		
-0.85		
2.4		
-1.26		
-1.4		
-0.78		
2.67		
2.34		
-4.48		
0.44		
3.7		
1.47		
-0.3		
-0.46		
1.84		
-1.46		
2.11		
9.7		
7.98		
3.52		
0.6		
-3.48		
1.84		
-0.43		
5.53		
-1.78		
0.61		
16.61		
5.51		
0.87		
0.55		
-0.82		
-0.67		
-3.37		
1.05		
-2.37		
1.77		
3.65		
2.08		
0		
0		
4.71		
0		
0.93		
-0.28		
8.25		
3.91		
1.82		
5.72		
0		
1.02		
-0.45		
-1.17		
-0.25		
1.39		
5.7		
2.57		
0.0		
-1.57		
0.92		
-0.25		
5.65		
-0.32		
4.78		
1.23		
3.5		
2.98		
0.57		
2.26		
2.28		
13.28		
-2.26		
4.29		
0.75		
7.75		
1.25		
0		
4.91		
0.32		
-0.4		
1.07		
-0.29		
1.9		
2.08		
0		
-4.79		
8.02		
5.4		
-1.02		
0.0		
-0.56		
0.9		
1.02		
0.4		
-1.01		
4.94		
-1.02		
4.4		
2.24		
0		
3.11		
4.88		
3.5		
5.36		
3.56		
-0.37		
3.41		
5.4		
1.01		
6.97		
0		
2.23		
4.11		
3.56		
5.77		
0		
2.21		
1.7		
2.52		
-2.2		
-0.06		
0		
4.11		
1.23		
-11.02		
2.99		
0.57		
-0.04		
0.2		
1.19		
1.52		
0.9		
0.85		
-2.5		
-0.72		
0.81		
4.51		
3.31		
3.62		
0.5		
0		
0.46		
-1.77		
1.6		
6.94		
1.55		
0		
1.9		
1.12		
0.63		
0		
7.07		
8.55		
-0.5		
0.0		
2.87		
0.79		
-1.23		
0		
2.03		
-1.89		
0		
2.56		
2.54		
2.66		
-0.54		
0.8		
2.76		
1.09		
0.9		
-0.42		
3.96		
-0.05		
3.15		
-0.5		
0.92		
1.07		
-2.41		
-2.14		
2.52		
1.64		
0		
-1.84		
1.71		
0.07		
-0.88		
1.96		
0.75		
-0.55		
4.21		
1.75		
5.21		
2.63		
-0.77		
-0.65		
0.61		
1.11		
-0.84		
-3.16		
-0.57		
0		
1.43		
