2.68		
4.74		
-0.0		
3.21		
-0.79		
1.23		
1.25		
3.47		
1.24		
0.5		
3.35		
1.43		
0.27		
1.02		
1.4		
-4.17		
4.57		
0		
-1.86		
-2.43		
-3.96		
1.66		
0.16		
2.71		
2.65		
-1.9		
-5.0		
-0.15		
-2.56		
0.01		
-2.81		
1.56		
2.09		
-7.67		
-0.16		
-1.66		
6.31		
-0.32		
1.49		
-0.42		
-14.11		
2.89		
-4.39		
-6.32		
3.25		
0.96		
1.63		
-2.3		
4.6		
4.5		
0		
1.67		
0.82		
-1.75		
-0.59		
-1.19		
-3.63		
-0.78		
-5.82		
5.34		
-2.03		
-1.15		
-0.74		
-5.42		
-1.97		
1.75		
1.64		
-2.73		
-0.74		
1.71		
-0.05		
0.16		
-2.7		
1.38		
-2.73		
0.01		
3.78		
1.21		
0.61		
0		
0.01		
1.21		
-1.87		
-0.22		
-0.75		
-2.74		
4.67		
3.92		
-1.28		
8.18		
3.86		
2.29		
5.2		
-0.04		
2.6		
2.87		
1.08		
-0.09		
18.93		
2.3		
-1.48		
8.33		
0		
3.88		
0.11		
0.47		
-0.1		
-0.87		
4.85		
4.49		
-2.16		
0		
-4.57		
-0.89		
-6.32		
-1.77		
1.29		
-4.24		
1.62		
1.35		
4.71		
-0.43		
2.55		
2.06		
-6.14		
-4.77		
-2.31		
7.63		
2.46		
-0.23		
0.44		
0.56		
2.88		
-4.31		
0.36		
-0.5		
2.34		
-0.31		
1.84		
-0.35		
4.57		
-1.53		
-2.58		
5.63		
2.43		
0.11		
-0.51		
4.89		
11.94		
-1.82		
-5.73		
-2.3		
1.43		
1.12		
0.59		
1.85		
-0.46		
0		
5.18		
2.22		
0.09		
-1.95		
8.0		
6.93		
0.96		
1.33		
-1.36		
1.38		
2.98		
2.89		
7.66		
-1.36		
4.58		
-1.02		
-1.83		
-4.43		
6.9		
2.83		
-1.64		
0		
-7.8		
0.92		
5.29		
15.2		
-0.07		
-2.37		
-0.71		
-1.3		
4.52		
0.41		
-8.13		
2.96		
-0.17		
1.36		
0		
0.79		
-9.92		
-2.05		
1.81		
2.93		
-0.92		
0.53		
0.91		
-0.83		
0		
-4.87		
3.11		
2.64		
2.31		
-2.58		
5.09		
11.98		
-2.32		
7.5		
4.4		
1.49		
5.89		
2.04		
0		
4.56		
0.08		
-5.08		
-1.22		
3.01		
-1.69		
0.39		
7.37		
4.54		
-0.05		
2.16		
-0.14		
6.69		
5.11		
-1.74		
-0.35		
0.95		
2.11		
-8.39		
2.6		
-0.18		
0.81		
4.74		
1.83		
3.67		
1.96		
0.64		
2.23		
4.89		
6.51		
