-4.55		
3.57		
-1.81		
9.27		
0.54		
2.55		
1.38		
0.86		
6.63		
0.34		
2.02		
1.69		
5.4		
-0.36		
-0.86		
-2.33		
0.47		
0.08		
-1.4		
-0.29		
1.98		
-1.92		
-3.18		
-1.31		
-3.92		
-0.84		
-6.77		
-5.94		
1.86		
3.65		
1.44		
-8.65		
10.53		
-1.84		
-0.97		
3.46		
4.75		
-5.6		
3.52		
0.66		
3.2		
2.15		
-0.63		
13.07		
2.26		
2.2		
4.29		
2.02		
1.12		
-0.95		
0.59		
1.12		
-2.31		
-0.93		
0.3		
4.83		
1.3		
11.39		
-1.36		
1.72		
0.27		
4.41		
2.11		
4.94		
6.2		
3.35		
-0.36		
1.99		
10.72		
1.92		
-2.42		
-4.2		
-4.6		
7.25		
-3.34		
8.59		
-1.29		
1.24		
7.09		
-1.82		
-0.57		
1.27		
2.66		
4.61		
-0.15		
11.52		
-0.34		
0.97		
-0.84		
4.6		
-1.43		
6.43		
0.96		
2.76		
0.14		
2.21		
2.66		
4.95		
2.85		
0		
2.21		
-5.4		
-0.96		
3.24		
0.65		
1.44		
1.31		
4.06		
-1.52		
8.82		
3.36		
2.51		
-0.96		
10.29		
0.69		
1.19		
5.68		
1.01		
1.85		
0.99		
0.55		
0.74		
5.12		
8.52		
-0.75		
-0.13		
0.74		
3.5		
-0.79		
6.12		
7.68		
-1.07		
17.57		
-1.64		
4.8		
0		
-1.17		
-0.45		
0		
-1.61		
2.6		
4.73		
-0.68		
0.18		
1.07		
1.39		
3.35		
3.36		
2.19		
10.49		
-5.54		
5.17		
2.35		
3.49		
7.41		
1.86		
0.23		
2.22		
2.11		
-0.12		
1.0		
5.13		
3.12		
5.51		
17.88		
0.89		
-0.29		
-0.14		
0.34		
2.94		
0.9		
3.14		
-0.68		
3.64		
-2.57		
-2.49		
3.08		
-1.25		
2.97		
4.75		
-0.07		
2.7		
-1.22		
-5.26		
-2.86		
1.08		
2.86		
0.71		
3.07		
-3.26		
3.32		
8.5		
-1.35		
0.26		
-0.38		
-3.07		
1.38		
11.12		
1.94		
4.11		
1.59		
3.84		
0.41		
-3.27		
1.66		
-2.23		
3.15		
-1.0		
6.07		
1.22		
4.2		
5.22		
-2.76		
-1.63		
1.53		
-4.65		
0		
-1.68		
0.42		
4.66		
-4.75		
1.66		
-3.36		
2.78		
0.59		
3.16		
1.76		
2.06		
3.01		
6.79		
2.14		
0.67		
4.2		
-3.43		
3.77		
-0.45		
3.05		
-1.29		
3.54		
-10.64		
4.14		
7.84		
3.36		
-0.54		
5.36		
1.03		
3.61		
0		
6.94		
