-0.33		
6.34		
3.17		
0.49		
1.48		
6.47		
-0.06		
4.1		
5.02		
-1.23		
7.82		
0.54		
-1.69		
-4.81		
-4.33		
0.87		
0.38		
-0.97		
0.53		
2.51		
-0.4		
-3.73		
5.24		
-0.19		
-1.04		
11.74		
-3.16		
1.62		
-1.8		
-1.25		
-5.7		
4.61		
2.23		
-3.88		
3.77		
-0.56		
4.9		
4.23		
-5.89		
2.94		
-0.62		
-0.29		
6.32		
4.14		
3.65		
-0.57		
3.07		
10.43		
2.14		
1.48		
-4.04		
-1.47		
-1.84		
3.15		
5.35		
-4.08		
0.06		
-1.13		
1.27		
6.24		
1.71		
2.88		
4.7		
2.89		
0.65		
1.99		
0.69		
0.95		
8.0		
8.6		
1.16		
-2.33		
0.21		
5.01		
-1.05		
-5.33		
-0.56		
2.57		
1.92		
-3.6		
0.0		
-12.02		
0.04		
-2.46		
0.38		
-1.97		
0.17		
4.04		
2.42		
14.66		
2.85		
3.98		
2.57		
5.01		
-0.42		
0.7		
1.85		
3.84		
-4.5		
1.59		
-1.26		
0.74		
1.77		
3.4		
4.54		
1.2		
2.72		
0.75		
12.45		
0.16		
9.99		
5.81		
9.97		
11.03		
1.65		
-0.88		
0.67		
1.75		
-8.28		
1.12		
6.73		
4.38		
-5.67		
2.91		
4.39		
-1.97		
-0.87		
1.25		
-1.67		
-0.27		
2.95		
-0.44		
3.71		
9.21		
-1.82		
-0.47		
-2.39		
4.7		
-1.37		
4.04		
0		
3.08		
1.78		
-0.07		
5.96		
-0.76		
0.64		
1.8		
6.02		
-9.18		
3.77		
5.0		
6.14		
3.47		
-0.88		
-1.63		
0.25		
2.83		
-0.13		
-3.16		
-3.11		
0.99		
13.34		
-0.15		
14.49		
2.09		
1.57		
-0.24		
4.65		
8.06		
0.87		
-0.23		
0.78		
1.18		
2.25		
2.93		
-1.85		
3.48		
0.9		
2.35		
-3.57		
1.37		
-4.97		
1.62		
2.8		
1.97		
1.53		
4.33		
2.92		
2.36		
1.6		
-10.17		
7.42		
-1.07		
0.67		
-5.37		
-0.87		
-0.94		
3.94		
-2.39		
-1.18		
2.76		
1.43		
0.96		
2.47		
3.08		
4.18		
-0.63		
3.3		
1.44		
-0.26		
0.06		
-0.7		
0.55		
1.84		
-2.04		
0.21		
3.96		
-5.58		
0.73		
3.9		
4.95		
1.49		
2.1		
3.62		
-0.32		
-1.08		
0.82		
2.67		
-0.05		
3.16		
1.16		
-1.8		
1.3		
2.83		
6.12		
1.72		
5.43		
-4.56		
-0.92		
6.59		
1.43		
6.94		
-1.72		
3.83		
0.95		
-0.25		
1.18		
-0.48		
