1.68		
0		
0.8		
0.5		
0		
0		
-3.14		
-0.95		
-1.2		
4.45		
3.91		
-0.13		
7.2		
-1.78		
0		
0		
0.09		
-0.52		
3.93		
-0.63		
1.49		
5.31		
-1.04		
0.87		
-2.17		
6.71		
4.19		
-1.08		
1.1		
1.55		
1.81		
0.49		
4.54		
1.4		
2.89		
0.56		
-0.21		
5.81		
-4.2		
0		
-0.44		
-2.61		
10.93		
0.34		
2.43		
-2.43		
2.48		
-2.04		
2.85		
1.43		
-1.18		
6.47		
2.29		
3.03		
3.53		
2.28		
-1.15		
1.69		
1.99		
4.02		
0		
-5.55		
0.0		
6.76		
-1.04		
2.87		
-0.5		
1.07		
-0.88		
1.22		
4.22		
3.9		
3.13		
-1.62		
3.87		
-6.24		
0		
0.84		
0.43		
3.09		
0		
-3.52		
2.19		
-3.65		
1.6		
-3.08		
4.38		
-0.54		
-0.03		
-2.52		
1.29		
4.89		
-0.11		
3.74		
-0.34		
0.19		
0		
4.76		
0		
-0.84		
-0.1		
-3.34		
4.06		
-3.29		
-0.54		
-1.0		
-1.51		
-0.86		
-1.66		
2.7		
-3.81		
-2.89		
-4.69		
-0.41		
4.93		
-3.06		
4.2		
-1.15		
4.57		
-1.35		
-0.48		
-0.53		
-0.8		
1.63		
5.75		
-3.04		
1.38		
0.19		
-0.72		
2.69		
3.55		
-4.34		
-2.38		
1.15		
-1.78		
-0.91		
10.23		
4.24		
-2.06		
0		
6.23		
0.58		
-0.3		
6.78		
1.24		
-0.05		
9.12		
-1.94		
1.65		
2.3		
0.85		
1.15		
3.64		
3.68		
1.55		
1.97		
1.49		
0.88		
10.02		
-2.58		
-6.34		
5.95		
-3.96		
-0.66		
0.95		
2.43		
2.28		
0.39		
-3.12		
0.03		
-0.88		
1.95		
2.28		
1.56		
3.09		
6.95		
0.95		
-7.91		
0.48		
6.32		
0.19		
2.1		
1.43		
0.98		
-2.55		
-0.08		
0.38		
-3.82		
0.05		
0.3		
-1.59		
-5.4		
4.19		
0		
-0.93		
2.9		
7.16		
0.31		
1.18		
-4.6		
-0.82		
0.32		
5.87		
4.64		
-0.5		
4.51		
0.97		
4.47		
-1.64		
0.34		
4.23		
0.39		
-0.14		
-3.02		
5.45		
1.4		
4.12		
3.47		
-0.74		
1.89		
0		
0.51		
0.12		
5.58		
0.06		
-1.74		
1.9		
5.47		
-2.49		
5.88		
8.04		
-0.64		
-2.05		
3.01		
-3.22		
-1.69		
0.89		
1.11		
-0.47		
0.02		
1.07		
0		
5.3		
3.5		
-2.61		
-4.17		
1.19		
0.88		
-2.08		
