3.87		
-0.76		
0.4		
-0.49		
1.91		
0.98		
-4.86		
0.11		
1.55		
1.96		
-2.32		
0.73		
-1.47		
2.43		
1.84		
-1.97		
-2.23		
4.43		
-0.65		
5.29		
1.14		
-14.34		
-1.0		
-0.44		
-4.67		
2.33		
7.01		
4.14		
4.46		
-1.62		
0.94		
7.29		
-1.98		
2.1		
5.86		
5.18		
1.09		
2.73		
2.48		
-3.79		
1.2		
-0.2		
3.61		
4.01		
4.22		
1.56		
2.27		
1.81		
0.31		
5.06		
-0.21		
-6.52		
2.27		
-0.11		
7.03		
2.41		
2.02		
1.83		
0.73		
0		
-1.5		
0.61		
1.35		
-0.19		
5.18		
1.57		
7.15		
1.65		
1.07		
-1.07		
-8.23		
6.37		
1.64		
0		
-0.41		
2.13		
0		
3.56		
-5.5		
-2.35		
1.23		
1.47		
0.29		
0.83		
-2.39		
-0.73		
-0.53		
0		
-4.24		
-1.68		
-0.34		
7.79		
-1.22		
-0.61		
1.87		
1.75		
0.37		
0.75		
1.62		
4.01		
1.53		
-0.12		
0		
-1.33		
4.11		
0.8		
-1.46		
1.9		
-0.84		
2.85		
0.89		
2.96		
1.78		
1.98		
3.24		
1.46		
1.21		
2.7		
3.36		
1.33		
1.57		
3.09		
0.97		
-0.27		
-0.3		
11.87		
-0.65		
1.57		
-0.78		
0.41		
0.75		
1.81		
-0.98		
-0.88		
0.6		
-0.05		
1.3		
1.98		
-0.83		
0.51		
-0.03		
3.48		
0.55		
5.76		
-2.05		
0		
1.66		
-2.15		
0.47		
2.11		
0.83		
0		
-0.43		
0.43		
8.02		
1.0		
2.4		
0		
2.19		
-2.64		
1.23		
1.32		
6.29		
-1.25		
0.39		
0.09		
0.75		
2.42		
1.38		
0.06		
-0.89		
3.03		
1.0		
-4.0		
3.49		
1.61		
1.61		
0.36		
0		
-0.71		
0.18		
2.74		
-3.95		
0.09		
-0.78		
1.13		
-0.77		
3.01		
1.48		
7.29		
3.37		
6.14		
3.55		
-0.09		
0		
0		
-0.61		
-0.36		
1.09		
-0.8		
10.39		
4.31		
0.9		
2.87		
0		
2.0		
3.14		
0.97		
-0.42		
2.4		
-0.24		
0		
0.83		
3.07		
-1.07		
-1.32		
-1.02		
4.68		
7.67		
1.32		
4.78		
3.02		
3.25		
-0.56		
3.18		
-0.5		
0		
1.0		
0.54		
1.17		
-1.08		
1.41		
9.58		
1.86		
-2.46		
-1.35		
-1.25		
2.37		
3.25		
0.36		
0.13		
0.91		
5.44		
1.64		
4.26		
-2.97		
1.57		
0.39		
6.22		
