0.8		
-0.81		
0.54		
-0.57		
-0.46		
-1.55		
-1.08		
2.82		
0.35		
8.92		
-3.11		
2.14		
3.38		
-0.24		
5.97		
-0.38		
7.07		
3.47		
1.53		
0.98		
-0.47		
-3.04		
0		
-0.71		
0.08		
1.11		
5.67		
2.6		
-2.85		
-2.28		
-2.2		
2.75		
0.57		
-6.25		
1.52		
-0.5		
2.46		
0.98		
-0.71		
-0.39		
-1.93		
0.44		
-0.23		
-1.07		
1.16		
0.9		
-3.33		
1.95		
2.24		
-0.83		
-4.2		
-3.44		
3.51		
-0.58		
-0.46		
1.69		
3.66		
2.41		
4.87		
5.05		
0		
1.43		
2.31		
-6.46		
-1.74		
7.06		
1.83		
-1.05		
0.47		
-5.34		
2.18		
0.54		
-1.51		
4.31		
-0.03		
-0.78		
0.96		
-0.42		
0.41		
2.65		
4.61		
6.8		
-3.56		
1.04		
2.59		
1.3		
2.7		
0.68		
0		
0.29		
2.34		
2.69		
-0.03		
2.78		
2.82		
12.22		
1.68		
0		
0		
0.18		
1.48		
1.78		
1.32		
1.72		
-0.64		
-0.58		
1.43		
-0.87		
5.01		
0.47		
7.75		
-1.63		
2.99		
0.65		
1.32		
0.84		
-1.44		
2.69		
0.47		
-0.56		
6.2		
7.54		
1.17		
4.65		
5.26		
2.53		
-0.92		
-1.77		
3.15		
-0.26		
7.41		
2.53		
2.93		
3.89		
4.47		
3.16		
3.19		
-0.23		
0.35		
1.24		
-0.65		
4.7		
1.39		
-0.18		
1.15		
2.3		
1.94		
1.03		
0.13		
0.47		
4.96		
1.57		
5.93		
-0.33		
2.3		
-0.61		
4.44		
-0.56		
3.83		
9.81		
0.46		
0.4		
9.78		
0.93		
3.11		
0.46		
4.08		
-0.73		
-2.21		
-3.37		
-3.42		
0.7		
-2.09		
3.85		
0.6		
-2.8		
4.96		
1.71		
3.66		
0		
4.27		
-0.22		
1.39		
-0.83		
-0.83		
-2.53		
-1.73		
0		
0.58		
0.6		
2.46		
0.7		
-4.2		
3.82		
-3.38		
-4.36		
-2.84		
1.02		
0.79		
3.33		
-1.69		
-0.9		
2.68		
-1.03		
-0.76		
-1.35		
0.33		
-1.75		
-0.67		
1.98		
1.9		
-1.36		
1.18		
0.09		
0.11		
-2.29		
-3.12		
1.32		
0.64		
0.19		
0.47		
-4.62		
-2.59		
2.92		
0		
1.43		
0.89		
-2.94		
3.16		
2.27		
1.95		
-5.88		
-1.77		
1.43		
0.61		
-0.58		
-3.27		
5.34		
-0.98		
1.92		
4.56		
0.12		
1.83		
2.73		
-3.53		
2.78		
-2.23		
-5.27		
2.62		
