1.58		
1.82		
-0.62		
1.83		
4.32		
0.42		
2.98		
-0.92		
9.61		
8.29		
-0.33		
-0.65		
10.35		
9.89		
-2.92		
5.29		
-3.12		
2.01		
0.14		
-4.49		
6.28		
0.52		
7.22		
8.41		
4.68		
7.17		
-10.36		
-4.33		
-6.61		
2.67		
2.58		
-0.05		
0.35		
1.3		
-11.3		
-5.49		
0.95		
-6.52		
6.51		
3.54		
12.0		
3.87		
-0.29		
-7.58		
6.5		
2.41		
2.12		
5.28		
-0.88		
-0.83		
1.19		
-1.02		
3.25		
-9.05		
0.83		
7.37		
-2.41		
-1.55		
-4.81		
3.16		
1.11		
0.93		
-0.11		
-0.17		
-9.24		
-2.08		
5.79		
5.02		
6.33		
-0.64		
5.56		
-2.31		
-3.15		
5.16		
1.65		
3.06		
2.43		
-0.68		
5.64		
-3.17		
-0.05		
5.88		
-0.34		
1.13		
10.43		
5.83		
3.16		
2.5		
8.79		
-3.42		
0.91		
0.19		
-3.55		
-1.59		
2.3		
-0.82		
-2.96		
-1.11		
1.29		
2.12		
2.31		
-4.62		
5.22		
-5.59		
2.11		
8.96		
9.44		
1.53		
-3.36		
-2.81		
-6.51		
4.88		
15.83		
1.81		
4.68		
-4.14		
-2.67		
11.07		
10.96		
-0.98		
6.18		
4.56		
1.13		
0.64		
6.13		
1.84		
1.66		
0.1		
-0.28		
7.94		
-5.18		
1.96		
-0.56		
-1.44		
0.42		
-4.5		
6.59		
-1.38		
12.31		
-6.57		
6.13		
-1.33		
-5.0		
4.65		
-0.67		
-0.85		
1.97		
4.2		
-1.24		
1.29		
3.92		
5.83		
0.56		
8.83		
7.57		
1.71		
-0.25		
0.83		
0.44		
-2.43		
0.68		
0.43		
9.2		
2.02		
2.9		
1.0		
4.44		
-3.31		
-1.08		
1.58		
0.52		
2.37		
-0.93		
-1.69		
6.36		
-1.49		
0.87		
2.25		
4.78		
3.46		
2.22		
-1.97		
-1.67		
-0.06		
-9.44		
1.39		
-2.73		
-2.6		
0.43		
-1.78		
5.18		
-4.96		
1.2		
-1.48		
-0.39		
-1.16		
-12.39		
20.52		
-3.82		
0.77		
7.54		
1.23		
2.79		
3.36		
-7.19		
-2.74		
7.09		
5.6		
5.13		
5.45		
6.25		
-2.75		
-0.19		
3.48		
-11.9		
3.19		
3.62		
-0.9		
4.88		
3.6		
0.19		
6.41		
6.31		
-0.22		
12.75		
-14.62		
-6.6		
0.1		
0.97		
-4.23		
1.83		
11.65		
-1.36		
-8.65		
-0.71		
-2.84		
5.54		
10.24		
-5.62		
-3.11		
-0.15		
0.67		
0.33		
4.03		
1.86		
4.32		
7.6		
4.41		
-4.08		
