0.66		
0.89		
0.88		
-0.74		
1.63		
1.63		
2.14		
-1.67		
1.23		
7.91		
-2.99		
0.35		
-0.51		
-1.76		
3.04		
2.79		
0		
4.33		
-0.47		
4.34		
0.93		
1.41		
7.08		
0		
-0.09		
8.2		
1.33		
0		
4.6		
0.65		
2.69		
2.19		
1.24		
2.02		
1.91		
2.69		
0.22		
0		
0		
2.2		
1.29		
0.61		
4.6		
1.06		
5.73		
4.6		
1.07		
-0.96		
0.61		
2.97		
1.75		
-0.34		
4.01		
-0.83		
3.45		
4.33		
1.21		
0.75		
-1.29		
0.46		
0.22		
7.3		
-0.46		
-2.42		
0.97		
2.11		
0		
0.47		
5.38		
1.41		
-3.62		
0.71		
2.01		
7.39		
-4.01		
0		
-0.54		
1.46		
1.17		
1.38		
-2.64		
-1.93		
0		
0.11		
0		
-1.31		
1.39		
0.92		
1.89		
-2.25		
-1.45		
-1.41		
3.63		
1.06		
0.72		
3.1		
0		
2.96		
1.09		
1.04		
2.53		
5.04		
-0.58		
0		
1.21		
2.18		
0.65		
-3.85		
2.98		
0		
2.6		
0.83		
0		
2.38		
0.58		
2.23		
0.91		
2.43		
-0.39		
1.48		
-0.03		
0		
-2.58		
4.43		
-0.21		
2.79		
0.95		
2.27		
2.5		
1.82		
2.54		
2.09		
-2.1		
-0.53		
3.41		
2.6		
-4.79		
0.2		
4.0		
0.23		
4.53		
0.65		
-2.61		
-0.33		
-2.63		
1.76		
1.9		
2.43		
2.31		
5.18		
0.96		
-0.64		
3.64		
3.9		
6.17		
0.49		
0		
5.09		
2.19		
-0.72		
0.83		
2.71		
3.19		
0.5		
0.61		
0		
1.81		
1.55		
-0.21		
1.21		
0.37		
0.79		
1.54		
1.61		
2.2		
0.61		
2.32		
-0.54		
0.96		
-1.03		
0.59		
-1.07		
8.57		
-0.08		
6.94		
-0.04		
-1.53		
5.66		
5.14		
-1.39		
-1.16		
-0.81		
0.35		
-1.58		
0		
-1.83		
5.52		
0.35		
0		
2.14		
6.21		
-3.4		
-0.4		
9.4		
0		
0.16		
-2.37		
-7.16		
6.68		
2.03		
0.01		
-2.46		
1.12		
3.94		
2.75		
5.04		
8.44		
-3.3		
0		
-2.36		
0.5		
0.02		
-2.57		
-0.02		
8.88		
-0.29		
0		
-1.9		
3.15		
4.92		
-1.76		
3.28		
0		
1.94		
0		
-2.3		
0.95		
-0.87		
1.07		
0		
0.45		
0.98		
-0.61		
1.72		
5.84		
-1.27		
3.32		
1.26		
4.39		
