5.59		
2.01		
4.36		
1.42		
1.65		
0.41		
-3.34		
1.15		
-0.61		
-1.35		
-0.8		
-0.06		
3.5		
-14.51		
0.57		
-2.19		
4.56		
5.04		
0		
2.78		
-2.15		
-5.87		
-8.67		
2.58		
1.68		
2.01		
-0.36		
-0.91		
0		
-1.17		
-1.55		
0.56		
-4.08		
-1.52		
2.0		
-4.21		
-1.56		
-1.56		
-13.51		
0		
0.11		
1.42		
0		
0.62		
-3.83		
-3.76		
7.82		
5.59		
2.81		
-2.66		
-6.49		
7.01		
5.34		
9.63		
-0.14		
2.61		
-5.13		
-7.86		
0.46		
6.05		
8.31		
0.12		
-0.8		
-2.21		
13.64		
-6.38		
-2.73		
-4.01		
0		
2.47		
-0.22		
4.09		
0		
0.42		
6.85		
-3.95		
-0.6		
-3.11		
-2.63		
-2.04		
3.1		
5.98		
-0.24		
-0.66		
-5.95		
2.75		
2.2		
4.26		
4.16		
3.21		
-0.17		
-3.3		
0.66		
2.67		
3.26		
0.55		
-2.51		
2.2		
0		
-0.8		
3.56		
2.23		
-1.54		
1.45		
-1.78		
-3.93		
-6.02		
2.93		
1.23		
-4.83		
-0.36		
6.19		
-1.31		
-3.55		
-2.04		
0.42		
1.67		
-8.32		
-1.76		
-7.57		
-0.56		
6.47		
0.1		
-9.26		
1.84		
-10.53		
5.13		
-2.49		
1.49		
-3.79		
-1.86		
-5.17		
0.25		
9.74		
-3.43		
2.02		
7.8		
-5.68		
1.37		
-4.77		
-1.4		
-8.0		
-8.85		
0.47		
0.6		
1.69		
-0.29		
-2.01		
-0.32		
-3.71		
1.71		
-1.08		
-0.42		
2.47		
0.96		
-6.65		
9.01		
0.03		
2.35		
-9.23		
2.0		
1.57		
3.65		
1.14		
-0.47		
0.87		
3.86		
-6.17		
5.7		
1.43		
-4.6		
6.88		
-8.52		
4.68		
0.01		
-2.7		
0.21		
-1.15		
6.65		
-2.42		
-6.03		
2.22		
5.21		
0		
-10.09		
-12.89		
5.68		
0.59		
0.76		
5.62		
10.66		
-1.83		
4.76		
0.97		
-0.58		
0.28		
0.64		
-11.96		
-4.3		
-1.48		
-0.6		
2.27		
3.9		
-0.24		
1.45		
2.16		
-4.82		
4.78		
-4.07		
-1.7		
3.32		
3.59		
-2.12		
5.94		
2.32		
1.25		
0.32		
3.59		
5.68		
2.15		
-3.38		
-1.77		
1.76		
0		
3.44		
-0.45		
-1.32		
0.28		
-0.61		
-1.87		
1.56		
1.93		
-1.16		
5.06		
2.09		
3.34		
2.57		
-0.67		
0.25		
3.52		
-5.87		
4.88		
-10.97		
1.16		
2.44		
0		
-0.08		
-4.52		
-1.12		
