-4.59		
8.68		
-0.07		
5.11		
0.24		
1.45		
0.92		
-1.1		
-5.32		
-2.34		
4.69		
0.07		
4.77		
-0.5		
5.77		
3.84		
-1.79		
-1.75		
-2.13		
0.81		
0		
5.27		
3.13		
-0.62		
-0.36		
-3.93		
1.13		
5.48		
0		
1.09		
0		
0.19		
1.73		
4.12		
4.53		
4.77		
-0.36		
1.1		
10.86		
-0.7		
0.02		
-1.26		
1.74		
3.05		
2.85		
7.95		
1.04		
3.81		
19.01		
5.65		
0.13		
4.34		
3.35		
-1.09		
-0.63		
-1.24		
-0.31		
3.88		
0.24		
5.43		
0		
7.99		
-2.41		
-0.19		
8.06		
0.49		
-0.24		
-7.82		
-5.41		
0		
-1.35		
2.26		
-0.93		
10.1		
6.11		
2.12		
4.52		
0.05		
1.55		
-0.26		
3.95		
2.1		
2.84		
0		
1.67		
3.05		
0.56		
6.75		
-1.27		
-2.77		
-3.06		
4.2		
1.81		
1.68		
-2.68		
2.2		
1.47		
-0.69		
-0.35		
1.09		
3.46		
-0.36		
-1.94		
1.87		
-0.26		
7.95		
2.86		
-2.31		
-0.48		
2.61		
-0.77		
0.24		
0		
2.88		
1.46		
0.01		
0.31		
4.65		
2.19		
1.48		
4.83		
-0.49		
1.39		
-2.55		
0.15		
-0.48		
-0.14		
7.25		
4.4		
1.11		
-0.16		
16.64		
3.37		
0		
-0.85		
4.55		
4.35		
10.32		
3.01		
3.27		
7.79		
-1.05		
-0.52		
-1.08		
2.14		
2.26		
-2.11		
-1.1		
0.2		
-1.13		
6.52		
-3.19		
-1.11		
0		
0.02		
5.19		
11.39		
0.65		
-0.03		
2.28		
1.43		
2.48		
2.97		
-4.9		
3.75		
3.93		
2.4		
1.41		
0.03		
6.47		
-2.26		
0.4		
-2.84		
-1.29		
-3.3		
3.73		
-0.05		
5.56		
0.24		
-2.6		
-0.64		
-0.36		
-6.52		
-4.2		
3.48		
-1.23		
-1.32		
-1.43		
-9.99		
-3.9		
-0.36		
-0.13		
0.34		
1.35		
4.86		
4.09		
1.93		
6.92		
1.78		
-5.01		
1.41		
-0.46		
-0.91		
-2.15		
-6.45		
9.76		
0.67		
-4.04		
-1.8		
-2.09		
6.63		
-1.04		
-3.81		
-12.61		
-0.35		
-3.84		
1.37		
0.25		
3.52		
-0.19		
-0.34		
0.06		
-0.07		
3.94		
-1.93		
-5.0		
0.79		
-0.59		
-1.02		
5.2		
-0.94		
-6.38		
-2.81		
14.88		
-0.87		
-1.68		
2.47		
-0.25		
3.07		
-10.27		
-7.77		
-1.54		
-0.5		
0.96		
0.61		
-3.88		
-1.46		
-4.56		
-0.9		
