0.24		
3.07		
0		
1.77		
11.5		
0.19		
0.17		
5.46		
-0.29		
2.08		
-0.4		
-1.45		
-0.72		
3.74		
2.94		
-4.03		
8.0		
3.05		
0.18		
1.32		
2.86		
-1.16		
0.08		
9.09		
0.82		
2.62		
-2.86		
5.56		
3.96		
-4.66		
-0.38		
-0.02		
1.47		
3.76		
3.12		
0.54		
2.5		
0		
15.18		
0		
1.51		
1.43		
4.09		
7.3		
0.64		
1.44		
-2.53		
2.1		
1.78		
12.49		
-0.24		
6.54		
4.2		
-5.11		
7.59		
-4.0		
-1.03		
3.68		
-3.62		
1.64		
0.92		
-0.09		
10.81		
3.27		
0.66		
-5.18		
-8.92		
1.63		
-2.14		
3.64		
-1.43		
2.63		
-4.53		
-0.41		
7.91		
3.65		
2.28		
5.04		
-1.58		
1.47		
-1.0		
-0.5		
4.24		
3.0		
1.59		
0.43		
1.5		
-1.38		
0.07		
-2.97		
-4.49		
-2.32		
4.8		
1.09		
4.4		
-0.38		
0.93		
-5.1		
-3.06		
-2.47		
4.97		
1.59		
-1.88		
0		
-1.31		
9.59		
2.1		
-2.14		
0.97		
-3.56		
1.65		
-4.25		
-0.04		
-4.43		
0.31		
-5.9		
2.6		
-4.43		
-5.7		
-6.52		
1.92		
-1.96		
-0.63		
-1.6		
0.06		
0.24		
2.48		
-5.76		
-1.25		
-0.54		
5.14		
1.42		
-2.43		
2.63		
-0.36		
-5.86		
0.06		
0.91		
2.09		
0.38		
4.4		
-6.69		
4.51		
-6.63		
-1.2		
5.12		
-9.0		
0.63		
0.07		
3.98		
0.24		
2.29		
-7.2		
-0.54		
0.65		
1.71		
-0.83		
-1.6		
0.48		
-1.2		
4.9		
-3.55		
1.71		
-2.85		
-4.79		
-2.08		
-2.24		
2.45		
1.05		
-5.95		
-2.64		
3.16		
-0.57		
-1.02		
5.25		
10.3		
1.76		
0		
-1.94		
-1.48		
1.71		
-0.4		
7.58		
6.34		
-1.4		
-4.43		
-4.22		
-3.43		
3.57		
1.41		
10.48		
3.03		
-1.32		
2.47		
0.89		
-1.24		
-4.34		
0		
3.85		
2.15		
3.53		
-1.32		
-0.54		
0.89		
-3.18		
-5.39		
2.86		
-1.05		
0.57		
1.84		
5.67		
-2.56		
-6.6		
2.45		
5.6		
0.6		
9.09		
9.16		
-1.34		
3.13		
2.85		
2.45		
6.15		
-2.33		
6.31		
-2.75		
2.68		
7.08		
0		
1.11		
-1.85		
2.77		
-1.09		
1.43		
10.82		
-4.24		
6.95		
-0.83		
7.87		
0		
-0.54		
6.36		
1.14		
2.04		
1.51		
6.23		
1.39		
-1.58		
2.13		
