1.18		
-3.21		
-0.46		
-0.16		
-1.82		
2.99		
-2.67		
2.72		
0.75		
1.34		
0		
-1.28		
1.14		
-7.22		
2.16		
6.8		
0.67		
0.65		
-0.05		
1.33		
0		
3.4		
3.15		
0.47		
0.89		
-2.78		
1.22		
-4.02		
-0.96		
-0.66		
0.15		
2.21		
3.18		
2.18		
10.91		
1.02		
0		
-0.43		
1.49		
-2.05		
0		
-4.21		
0		
-5.06		
3.29		
-1.75		
2.97		
-2.18		
2.32		
1.0		
-2.04		
1.04		
2.48		
0		
1.62		
0.47		
0.79		
0.73		
0		
0.93		
-0.59		
0		
3.35		
1.43		
-1.48		
-0.81		
-2.19		
-2.67		
0.88		
-6.03		
2.53		
-0.14		
3.87		
1.0		
0.83		
-1.85		
2.99		
1.0		
1.09		
2.59		
3.2		
1.47		
3.17		
-1.67		
-4.96		
0.02		
-3.6		
-4.91		
-5.3		
-3.16		
-1.24		
-1.73		
-3.57		
-2.35		
-2.14		
-6.83		
-1.42		
2.46		
-3.17		
-2.9		
0.35		
-6.47		
-6.84		
0.69		
-1.12		
-7.12		
-0.51		
0.01		
0.31		
-3.41		
-2.71		
-5.64		
-5.07		
-7.4		
-1.67		
-2.58		
-2.13		
-4.37		
-4.29		
-2.81		
-1.92		
-0.09		
2.4		
3.35		
-0.91		
0.17		
-4.32		
-4.02		
-2.29		
4.5		
-3.86		
-0.84		
4.45		
-1.8		
-5.64		
-4.79		
0.24		
2.49		
0.16		
0.78		
-8.55		
0.92		
3.23		
-6.43		
-0.7		
2.65		
0		
-4.76		
-3.13		
4.55		
-1.31		
-3.17		
1.18		
-5.98		
1.85		
-8.67		
-6.19		
-3.88		
3.08		
-3.28		
-2.7		
3.25		
-5.25		
-0.45		
-2.05		
-4.33		
-1.11		
-3.38		
-7.21		
2.32		
-0.43		
-3.23		
-2.44		
-0.08		
-3.51		
0		
-3.36		
-7.36		
-12.64		
-4.0		
1.51		
-2.48		
-2.64		
-2.06		
0		
-3.72		
-0.12		
-8.12		
-3.47		
-2.15		
-3.93		
2.55		
-0.14		
-7.45		
-9.41		
-1.47		
-4.74		
-4.84		
-0.8		
-0.88		
-1.5		
0.03		
0.77		
-0.72		
-9.77		
-0.58		
-2.57		
-2.26		
-0.33		
-5.96		
-3.08		
-5.12		
-6.33		
1.36		
-6.18		
-0.19		
-2.6		
-1.99		
0.59		
-11.58		
-2.81		
-3.6		
-1.71		
0.52		
-4.85		
-5.6		
-0.03		
-8.9		
-5.36		
-6.16		
-3.55		
-8.41		
-8.19		
-0.27		
-4.46		
0		
-4.06		
-3.82		
2.28		
-3.66		
0.01		
-5.55		
-2.51		
-2.91		
-7.63		
-15.04		
-0.88		
-2.78		
-1.63		
