4.2		
0.46		
2.59		
-4.03		
2.45		
6.29		
3.71		
0.1		
5.91		
1.38		
3.05		
0.62		
3.08		
0		
0.48		
1.82		
1.62		
0.4		
-1.65		
-2.26		
-0.54		
-2.43		
-1.52		
-1.9		
0.0		
1.11		
0		
0.83		
2.29		
4.08		
1.15		
1.36		
0.27		
1.49		
3.86		
1.58		
2.12		
1.32		
-1.46		
0.7		
0.47		
-0.62		
2.53		
3.29		
0.08		
-2.25		
2.71		
3.38		
-0.46		
3.64		
0.8		
-2.06		
-2.55		
9.74		
-3.67		
-0.21		
1.72		
1.9		
0.64		
3.98		
-1.65		
1.44		
4.42		
-8.34		
0.81		
7.74		
3.8		
1.1		
-1.29		
7.03		
2.07		
7.92		
4.52		
1.66		
0.44		
2.35		
4.74		
4.68		
0.91		
10.1		
1.3		
-0.81		
-1.19		
3.06		
-0.66		
0.71		
-4.39		
0.46		
4.62		
0.19		
6.33		
-0.9		
-9.04		
-0.8		
-0.62		
-0.43		
1.37		
3.67		
3.31		
2.98		
0.79		
4.46		
-0.63		
2.83		
-4.92		
2.66		
3.26		
-4.76		
1.78		
4.15		
-1.22		
-2.64		
0.66		
1.6		
-3.29		
2.13		
0.82		
0.63		
-1.12		
-1.02		
7.86		
-3.5		
-1.77		
0.71		
-2.59		
-2.67		
1.18		
3.72		
0		
-10.05		
0.31		
-1.16		
1.52		
0.06		
0		
-2.07		
-1.57		
-2.1		
2.18		
2.09		
-1.39		
1.7		
1.0		
1.02		
-2.15		
-0.34		
3.06		
-1.63		
3.46		
0.84		
-0.17		
0.29		
1.63		
-2.99		
0.04		
4.71		
-0.82		
1.19		
2.93		
0.51		
3.07		
-0.91		
-0.46		
-1.11		
1.08		
-0.19		
-1.07		
1.94		
-0.76		
-6.04		
-0.15		
0.98		
-0.11		
1.94		
-3.45		
2.63		
-1.18		
0		
-0.04		
0.83		
-8.09		
5.55		
5.48		
4.93		
-0.88		
-5.62		
-3.62		
-3.91		
-0.31		
1.45		
-1.88		
-2.51		
-2.32		
-3.09		
1.95		
4.53		
0.14		
-3.18		
-2.81		
6.47		
5.32		
2.23		
-7.92		
4.38		
0.68		
5.42		
1.22		
-3.83		
0.14		
3.42		
-2.38		
5.26		
-0.23		
1.23		
-1.83		
0		
3.92		
3.36		
1.88		
-0.41		
-1.47		
-3.95		
-3.81		
1.6		
9.23		
0.18		
-1.13		
-0.21		
0.15		
0.26		
-1.2		
0		
-6.04		
-4.4		
0		
-0.53		
4.9		
1.56		
-6.39		
2.01		
-8.84		
-1.7		
2.79		
0.61		
-5.44		
-2.91		
-0.38		
1.17		
0.51		
