0.44		
-1.69		
1.08		
0.58		
-3.63		
-0.23		
-5.2		
-2.04		
0.2		
-0.47		
2.22		
3.81		
0.49		
1.14		
-4.94		
-6.09		
-1.71		
2.69		
3.68		
-4.29		
-2.48		
-1.07		
-2.86		
1.66		
-3.65		
-0.95		
-8.0		
1.45		
-3.74		
-2.54		
-0.04		
-1.59		
-3.3		
2.77		
-9.31		
1.01		
2.21		
2.3		
-1.62		
-4.98		
0		
-7.88		
-1.1		
-1.31		
4.98		
0.09		
7.55		
4.87		
-1.57		
2.15		
-8.52		
3.85		
-3.76		
1.17		
4.32		
3.44		
2.29		
-2.66		
0.05		
-0.69		
1.63		
-2.85		
0.73		
0.13		
1.8		
2.26		
-1.02		
2.64		
-6.54		
-1.5		
-1.16		
5.02		
6.69		
0.05		
-0.43		
5.78		
0.47		
-0.36		
2.53		
-1.08		
0.47		
3.36		
2.63		
1.02		
4.0		
1.79		
2.32		
-2.42		
0.49		
5.14		
-0.92		
1.6		
-1.15		
1.93		
0.13		
3.87		
3.03		
-7.3		
-4.51		
0.57		
-1.61		
-1.72		
-0.79		
0.62		
8.28		
6.39		
-0.72		
-1.0		
7.16		
1.03		
0.09		
0.01		
0.71		
-1.66		
-0.09		
-2.05		
3.06		
1.25		
-2.74		
0.96		
1.32		
-1.63		
4.63		
1.66		
5.64		
-4.0		
0.16		
-4.91		
1.81		
10.63		
4.42		
0		
1.45		
-4.72		
-1.72		
0.49		
-0.36		
0.44		
-0.42		
-2.32		
1.41		
-0.87		
-2.15		
3.68		
-0.16		
2.26		
1.32		
5.49		
-1.73		
-2.52		
-6.18		
0.16		
-0.85		
2.0		
-2.54		
4.13		
2.81		
4.24		
-0.43		
-6.54		
-0.02		
7.97		
3.03		
8.68		
-0.03		
-0.1		
1.26		
1.33		
0.32		
-1.27		
-1.46		
5.61		
-4.27		
-7.53		
-5.6		
-1.22		
0.87		
9.75		
-3.6		
-2.58		
-0.22		
-1.58		
-3.22		
-1.06		
-0.99		
-0.64		
-0.64		
-3.63		
9.93		
-5.8		
3.62		
-2.77		
-0.47		
2.06		
-0.26		
-0.41		
-0.89		
2.0		
-5.18		
0.0		
-0.37		
13.52		
4.45		
0.28		
1.71		
6.25		
-0.13		
-2.38		
-1.0		
2.44		
6.31		
-10.89		
2.82		
-2.32		
5.9		
1.33		
2.72		
0.73		
5.19		
-0.55		
-8.8		
1.95		
1.18		
0.84		
-0.97		
0.04		
-1.97		
-2.03		
-0.93		
6.64		
0.46		
10.9		
-0.66		
-0.36		
-4.52		
4.58		
0.69		
1.58		
4.37		
0.92		
8.79		
0.67		
-0.28		
1.15		
-2.24		
-0.33		
0.74		
6.65		
2.58		
