4.15		
3.78		
0.67		
-2.15		
-2.44		
-1.46		
1.85		
5.27		
1.54		
1.2		
1.54		
0		
1.32		
0		
-7.62		
3.22		
-3.68		
-3.18		
4.23		
-3.42		
5.96		
8.04		
0		
2.0		
0.7		
-4.52		
0.84		
0		
2.99		
-2.15		
0.31		
3.61		
-2.81		
3.66		
-2.63		
7.25		
0.57		
-2.73		
-1.91		
-0.23		
-0.43		
-0.38		
2.64		
8.81		
1.32		
2.38		
5.56		
1.67		
0.85		
-1.02		
0.68		
0		
0.01		
1.9		
6.4		
6.89		
0.09		
-3.95		
3.16		
0.17		
-1.63		
-0.74		
-3.95		
2.25		
3.67		
0.86		
0.85		
0.23		
-0.07		
1.7		
-0.34		
7.1		
-0.53		
0.94		
0.79		
0		
4.61		
1.93		
1.32		
-0.31		
-0.45		
7.97		
6.5		
-2.15		
1.72		
-0.03		
-0.66		
-1.17		
0		
-1.08		
-0.62		
-0.9		
7.39		
4.76		
0		
0.02		
2.83		
0.96		
-0.79		
-0.3		
-1.03		
-0.71		
0		
0.64		
0		
-1.14		
2.86		
6.95		
0.52		
5.16		
-3.09		
-3.9		
-0.36		
8.11		
1.43		
0.24		
0		
4.71		
-1.39		
2.09		
-0.52		
4.29		
-2.78		
2.99		
-4.76		
3.69		
16.98		
0.04		
0.14		
-5.98		
-0.59		
-0.26		
-3.15		
4.74		
0		
2.79		
1.35		
-0.54		
0.88		
2.0		
1.48		
3.18		
3.48		
-0.84		
7.22		
2.32		
0.65		
-0.06		
2.37		
-0.46		
1.26		
2.78		
3.56		
-0.87		
2.03		
4.03		
-1.3		
2.41		
15.62		
4.6		
-1.44		
-0.54		
0		
6.57		
3.11		
-0.52		
-0.07		
-2.05		
-1.64		
-0.54		
-0.84		
1.57		
-2.58		
0.44		
-1.92		
-1.42		
-0.66		
3.27		
0.13		
0.02		
1.82		
-5.54		
4.08		
-7.45		
1.69		
-0.78		
1.67		
1.08		
0.21		
-0.03		
6.14		
-10.48		
1.43		
2.31		
4.3		
2.61		
3.55		
-0.02		
7.16		
0.24		
-0.44		
-2.57		
-0.39		
-0.81		
2.41		
-0.41		
1.15		
-1.51		
-0.31		
-0.6		
0.52		
4.3		
6.35		
2.78		
-9.49		
0.65		
0.48		
-0.47		
0		
-6.41		
2.0		
0.91		
2.15		
1.32		
-0.64		
-0.24		
-4.78		
-3.97		
1.54		
0.36		
0		
13.89		
3.54		
0.98		
-2.1		
2.38		
-1.86		
3.11		
3.39		
1.53		
0.93		
0.86		
0.42		
2.18		
-0.43		
-4.53		
-0.18		
1.32		
-5.5		
