4.73		
1.24		
0		
0		
14.6		
-0.8		
0.52		
1.78		
-0.87		
2.0		
-1.31		
0.17		
2.28		
-6.66		
1.64		
2.32		
1.22		
-3.28		
5.21		
8.45		
-4.53		
-1.21		
8.56		
-3.82		
-0.84		
0.43		
2.24		
-0.66		
1.21		
3.92		
6.3		
2.7		
8.63		
-0.19		
2.22		
0.88		
-0.7		
-0.32		
0.66		
-3.01		
1.07		
-0.18		
0.38		
-1.4		
-0.22		
-1.12		
-0.98		
1.0		
0.47		
-0.02		
4.03		
3.14		
1.83		
1.38		
1.7		
-1.48		
-5.05		
-15.61		
0.73		
1.3		
7.78		
1.43		
0.97		
2.79		
0		
1.43		
3.27		
3.84		
1.95		
-0.5		
-10.11		
9.8		
-1.35		
1.02		
3.34		
0.63		
1.84		
6.51		
0		
1.9		
2.86		
3.34		
-0.76		
-1.51		
-9.09		
4.05		
1.88		
1.65		
5.22		
-3.23		
7.84		
-3.32		
2.68		
0		
5.64		
-0.2		
-1.01		
2.62		
-5.45		
2.21		
-0.5		
1.53		
-0.87		
2.42		
-4.41		
-5.7		
5.21		
8.24		
-11.6		
0		
1.55		
1.4		
-3.98		
-0.95		
4.03		
3.39		
1.16		
-0.54		
-2.95		
2.24		
-1.82		
-2.01		
0.78		
1.32		
4.96		
5.79		
-2.8		
-0.59		
2.45		
1.26		
2.52		
4.02		
-2.12		
-3.0		
-3.26		
-2.41		
-2.6		
2.22		
3.44		
2.66		
-0.16		
-5.24		
-1.89		
-0.89		
7.82		
-1.07		
-12.14		
-0.27		
11.43		
-0.64		
1.24		
-1.04		
1.33		
-1.12		
0		
-6.9		
2.53		
-0.35		
-0.05		
0.8		
-4.93		
-1.4		
-7.37		
-10.46		
-1.92		
1.84		
0.31		
5.12		
-5.1		
0.91		
-0.29		
9.75		
3.83		
8.61		
-3.38		
-5.9		
1.15		
-9.24		
0.17		
-2.62		
0.61		
4.37		
-8.12		
-2.88		
-5.32		
7.37		
-1.17		
1.68		
5.83		
-2.4		
-3.78		
-3.54		
-8.52		
1.41		
1.15		
9.04		
6.78		
0		
1.55		
7.33		
-0.64		
0.04		
-1.5		
8.68		
8.89		
-2.81		
-4.74		
3.83		
-0.66		
-2.11		
-4.77		
-1.08		
5.05		
-0.93		
0.52		
-2.49		
2.79		
-2.52		
5.94		
3.96		
1.07		
9.11		
1.38		
2.64		
-2.73		
-3.37		
2.85		
-5.07		
8.64		
-0.25		
-10.19		
-2.86		
1.49		
-17.54		
1.57		
4.09		
0.82		
0.79		
4.74		
1.4		
-0.55		
1.5		
7.08		
-3.49		
0		
-0.35		
4.72		
7.53		
5.44		
