0.68		
1.92		
-1.06		
1.67		
-0.35		
5.89		
1.69		
-0.22		
-2.4		
0		
1.34		
1.81		
-3.84		
3.89		
2.33		
2.12		
1.48		
-1.87		
-2.18		
0		
9.52		
0.15		
15.36		
9.42		
-0.25		
4.1		
3.56		
6.0		
0.48		
0.74		
-2.97		
8.95		
1.73		
1.56		
2.98		
7.24		
4.62		
0.46		
3.22		
8.17		
9.69		
1.92		
2.67		
0		
-4.13		
5.43		
7.05		
4.96		
3.35		
0.93		
0.47		
-2.0		
14.18		
4.32		
0		
3.58		
0.72		
-2.56		
2.69		
12.97		
1.28		
-0.42		
-3.42		
1.49		
1.38		
2.29		
-0.71		
-0.78		
2.16		
-1.47		
-4.78		
0.47		
0.47		
7.47		
-2.21		
10.62		
3.58		
1.65		
7.32		
1.03		
1.72		
-1.37		
0.47		
7.68		
-0.06		
0.47		
1.66		
-1.5		
-5.99		
-1.24		
5.04		
6.45		
2.07		
4.18		
1.43		
7.77		
9.37		
-1.05		
0.15		
-2.45		
4.06		
3.44		
0		
3.6		
11.48		
1.85		
7.82		
1.05		
2.32		
3.23		
6.66		
0.5		
6.52		
0.33		
0.15		
-0.98		
7.29		
0.51		
3.22		
-5.11		
1.29		
-0.41		
2.41		
20.52		
-0.24		
8.38		
9.97		
-7.86		
1.35		
3.4		
1.35		
-2.46		
22.27		
8.53		
10.81		
2.28		
-0.06		
24.48		
2.79		
7.34		
1.78		
0.39		
4.08		
1.43		
-6.25		
2.14		
14.49		
-1.11		
0		
-1.36		
3.4		
4.68		
2.39		
4.46		
3.9		
8.47		
0.47		
9.51		
11.04		
5.38		
1.25		
-3.02		
-0.6		
1.4		
-0.91		
6.06		
8.02		
-3.09		
4.36		
2.81		
2.72		
11.28		
5.5		
0.04		
-0.38		
4.16		
-4.88		
0.87		
1.43		
3.14		
0.8		
0		
1.33		
0.87		
4.9		
0.99		
0		
0.89		
-0.38		
2.58		
0.47		
-0.21		
0.47		
5.51		
1.35		
17.1		
-1.78		
-1.3		
6.65		
6.22		
2.42		
-0.05		
2.88		
1.08		
1.3		
-0.29		
2.27		
6.87		
0.71		
-6.63		
-1.06		
6.8		
4.98		
-0.79		
1.59		
4.5		
0.47		
0		
-0.39		
-1.42		
-0.59		
-5.06		
0.84		
2.78		
0.77		
2.26		
4.25		
1.9		
1.69		
9.2		
-1.22		
-4.92		
1.09		
3.69		
0		
-4.58		
0.6		
0.47		
-4.33		
7.29		
7.26		
2.53		
-2.83		
4.09		
0.11		
-0.94		
1.42		
3.19		
-1.08		
