-2.9		
-5.15		
-14.03		
3.56		
2.27		
4.47		
-4.2		
2.32		
0.08		
3.25		
4.28		
-5.69		
-0.83		
2.29		
3.83		
3.39		
1.03		
3.04		
-18.29		
10.67		
-1.83		
1.61		
-0.26		
-3.81		
2.29		
0.81		
-16.38		
-5.54		
-1.17		
1.49		
0.66		
1.17		
-8.29		
-2.26		
-13.89		
2.57		
0.28		
-2.03		
-1.85		
3.31		
0.78		
3.24		
0.65		
0.57		
0.37		
-0.05		
-0.22		
-0.43		
5.48		
-0.83		
3.43		
11.28		
-1.05		
1.92		
-0.88		
-0.47		
-0.42		
0		
4.64		
-0.68		
-4.21		
2.86		
0.69		
-0.06		
-2.84		
1.24		
-1.02		
-3.46		
1.34		
1.93		
-0.53		
1.31		
-6.48		
-1.16		
2.14		
-0.86		
0.21		
11.3		
-8.7		
-0.07		
0.47		
3.11		
0.26		
-5.28		
0.3		
8.14		
0.8		
-4.22		
-1.88		
1.88		
-2.41		
-3.33		
0.58		
4.79		
-6.84		
-0.06		
-1.55		
-8.65		
-4.48		
-6.97		
-4.82		
-4.1		
0.99		
0.35		
0.29		
-0.07		
0.33		
0.92		
-1.56		
0.3		
-0.45		
0.03		
-0.48		
-6.43		
-8.96		
-8.09		
-8.22		
0.26		
-0.15		
-0.63		
0.11		
-5.37		
7.26		
1.07		
1.63		
-0.32		
-3.12		
-10.99		
0.49		
-5.77		
-5.65		
3.35		
-17.5		
1.68		
1.06		
6.77		
-1.23		
1.78		
-2.89		
-0.54		
-8.55		
4.18		
-1.52		
-1.98		
-3.72		
2.17		
-15.38		
2.35		
-0.38		
-2.68		
-0.36		
2.76		
4.76		
4.49		
2.55		
-5.9		
1.39		
-2.34		
9.12		
1.04		
-3.37		
1.94		
-2.2		
-1.02		
3.96		
-4.53		
0.82		
-3.46		
-7.54		
4.17		
-5.93		
-30.78		
4.9		
2.05		
-1.7		
0.69		
-27.72		
3.64		
-3.93		
1.05		
-3.34		
-4.07		
1.73		
4.49		
0		
-1.14		
1.43		
1.51		
0.08		
0.17		
-0.4		
7.0		
7.8		
-14.03		
2.86		
-15.29		
-14.28		
0		
-2.76		
-8.42		
2.18		
1.93		
7.27		
4.36		
-0.91		
0.87		
2.81		
-3.14		
-1.41		
0.62		
12.42		
-3.31		
-4.28		
1.09		
-3.8		
5.92		
-1.12		
-6.1		
-4.91		
-0.5		
5.85		
0.34		
-2.87		
2.23		
1.7		
0.11		
5.0		
-2.04		
3.94		
0		
-2.78		
-6.21		
-4.23		
-5.91		
-3.52		
-2.28		
6.3		
-9.24		
-8.43		
-14.04		
-0.23		
4.19		
-0.81		
-3.97		
13.55		
1.83		
0.97		
-3.66		
3.94		
