5.36		
3.32		
3.49		
1.09		
1.22		
2.52		
-10.99		
-0.76		
1.25		
-1.95		
0		
-7.15		
1.16		
-4.79		
-10.96		
-3.98		
2.02		
1.27		
-5.61		
-3.21		
1.39		
-1.94		
-1.39		
-7.11		
13.32		
3.15		
1.58		
-8.48		
0.63		
0.62		
5.2		
4.9		
2.03		
0.55		
3.67		
-9.39		
-7.97		
0.26		
-2.63		
7.32		
2.84		
-5.4		
-1.34		
1.29		
-2.81		
8.93		
6.13		
-0.8		
-4.65		
0.97		
0.85		
-2.91		
-4.68		
1.84		
5.81		
0.56		
-6.5		
-2.97		
4.29		
-0.85		
7.61		
8.05		
-13.96		
2.93		
-12.91		
-13.15		
0		
6.6		
-1.75		
3.94		
-0.72		
0.24		
-1.54		
-2.69		
-3.07		
4.37		
0.46		
1.02		
0.23		
-1.14		
14.74		
6.63		
0.03		
0		
-15.3		
-3.65		
-7.69		
4.99		
-4.95		
-1.67		
0.16		
0		
-6.58		
-12.46		
-10.8		
0		
0		
-0.37		
-1.38		
-8.73		
0		
2.06		
-11.93		
0		
-6.29		
-0.93		
-3.6		
0.07		
-10.15		
-11.16		
-1.35		
0		
-14.42		
-1.41		
-3.29		
-1.08		
-6.16		
-0.8		
-5.17		
0		
-4.26		
-1.93		
-15.78		
-32.09		
-0.51		
-21.15		
-0.08		
0.84		
-9.23		
0		
-11.03		
-3.68		
-6.21		
0		
0		
-29.2		
3.31		
-7.09		
-7.46		
-2.17		
-7.05		
-9.65		
0		
-3.23		
-2.23		
-15.19		
-4.79		
-4.99		
0		
2.18		
1.9		
2.86		
-2.75		
0		
-10.29		
-2.2		
-1.21		
-9.79		
-4.58		
-4.25		
0		
-5.23		
-5.42		
0		
0.13		
-11.44		
0.28		
3.0		
-9.43		
-0.76		
-15.44		
-5.4		
-9.77		
2.25		
-10.09		
0.43		
-7.41		
-9.53		
0.49		
-35.76		
-2.26		
-2.03		
-3.85		
-13.57		
-18.91		
2.89		
-1.03		
-11.65		
-22.24		
0		
-5.75		
-11.93		
-3.43		
-5.86		
-3.32		
-17.63		
-8.24		
-4.49		
-4.74		
-9.82		
-11.4		
-2.9		
-8.83		
-11.29		
0.21		
0		
-8.43		
-7.43		
-32.03		
-8.66		
-8.12		
-25.2		
-17.93		
-5.52		
5.27		
0		
-16.11		
-25.07		
-5.86		
-2.34		
0.46		
-0.7		
-14.0		
-11.11		
-7.72		
-15.97		
-9.55		
-18.94		
-32.93		
-9.15		
-4.57		
-15.31		
-4.4		
-2.27		
-37.64		
-5.68		
-10.22		
-15.37		
-27.03		
-4.91		
-24.97		
-6.54		
-9.74		
9.19		
-0.94		
-0.82		
-3.19		
1.62		
-15.9		
