3.34		
-1.96		
10.26		
1.83		
4.5		
0		
3.69		
3.79		
2.32		
-20.85		
6.66		
0.61		
6.45		
-2.24		
-0.44		
1.68		
-7.82		
12.57		
10.52		
0.81		
3.44		
6.51		
3.87		
0		
0		
4.39		
3.09		
7.51		
-9.15		
3.45		
5.89		
2.26		
3.39		
-1.89		
2.82		
5.27		
1.48		
-2.78		
1.41		
2.32		
4.57		
1.61		
0.69		
-1.57		
-2.72		
-2.22		
0.82		
0		
5.54		
0		
0.22		
7.11		
0.1		
4.4		
8.59		
8.09		
0.91		
0		
-0.8		
0.4		
0.97		
3.46		
1.62		
0.23		
10.35		
5.09		
7.98		
0.52		
0		
-0.81		
0		
1.34		
12.74		
3.82		
3.31		
0.69		
13.96		
0		
4.27		
9.22		
0		
-4.11		
0.63		
0.3		
0.17		
0		
3.57		
4.75		
0		
-3.17		
2.41		
0		
-10.43		
10.16		
0		
0		
0		
2.92		
-4.14		
-2.98		
6.17		
5.38		
4.32		
1.5		
4.13		
-1.69		
5.73		
-4.62		
-0.44		
-12.45		
3.11		
2.5		
-0.76		
0.3		
3.65		
0		
2.58		
0.33		
0		
4.07		
11.06		
6.72		
-1.04		
6.56		
7.93		
3.65		
2.06		
3.86		
6.79		
-9.69		
0		
0		
-1.08		
3.6		
0		
0		
-2.22		
-4.54		
1.83		
-20.27		
-6.37		
8.68		
4.82		
-12.8		
0		
7.38		
2.3		
4.42		
-3.35		
4.47		
0		
3.11		
4.63		
5.35		
-0.43		
0.13		
0.41		
0		
2.17		
0		
3.17		
0		
1.67		
4.45		
0		
3.44		
-0.03		
0.6		
2.78		
0.9		
4.9		
0		
-2.84		
6.41		
-3.82		
0		
0		
0		
0.58		
0.76		
0		
-0.09		
0		
7.23		
4.09		
0		
0		
-1.33		
-4.6		
0		
4.42		
0		
0		
-1.36		
-2.34		
0		
0.08		
0		
0		
-2.2		
0		
-3.89		
1.91		
2.27		
-0.92		
-2.23		
0		
1.51		
0		
0		
-6.4		
5.31		
0.1		
0		
0		
0.83		
9.95		
-2.14		
-3.83		
2.96		
0		
-3.8		
-2.14		
2.06		
0		
1.01		
0		
0.48		
0		
-2.07		
3.23		
5.78		
2.83		
3.6		
-7.3		
0		
-2.1		
0		
-0.08		
0		
0		
0.43		
0		
-3.82		
-2.54		
0		
0		
1.06		
-3.85		
