-2.71		
-0.83		
1.4		
0.73		
-0.01		
0.65		
-3.95		
0		
1.44		
0.23		
0		
-3.73		
-0.13		
5.28		
0		
3.2		
2.93		
5.84		
-1.53		
0		
0		
0.0		
3.03		
-3.78		
1.73		
0		
0		
0		
0		
0		
0		
3.21		
-2.42		
0		
-12.12		
0		
4.42		
0		
0		
7.6		
-4.69		
0.63		
0		
0		
0		
-4.02		
0		
0		
-19.04		
5.81		
0		
-0.75		
-1.17		
0		
0		
-0.22		
-9.94		
2.48		
0		
0		
0		
-1.27		
0		
-1.01		
0		
-4.92		
0		
2.15		
-1.13		
9.42		
-1.56		
18.57		
3.25		
11.7		
3.5		
3.91		
2.97		
3.4		
-0.36		
-4.05		
-1.88		
-1.03		
1.47		
1.89		
2.41		
-9.65		
1.27		
-6.22		
-0.51		
0.58		
0.83		
-3.45		
-17.68		
-9.51		
5.49		
6.36		
0		
4.37		
-1.4		
-2.64		
1.38		
-3.67		
-4.39		
-3.19		
-3.27		
-4.61		
-2.94		
1.99		
-6.88		
-0.38		
-4.88		
-1.37		
9.89		
1.65		
7.71		
-2.96		
-2.58		
-14.58		
-6.14		
5.06		
-1.01		
-1.68		
3.77		
1.47		
4.28		
-1.48		
-0.95		
-0.01		
-2.12		
-22.07		
-4.45		
1.08		
0.74		
-4.86		
-3.79		
-5.02		
-3.29		
-0.85		
-9.05		
5.86		
2.41		
0		
1.62		
-8.67		
-4.43		
-4.14		
-1.42		
-6.82		
0		
-4.05		
-4.23		
-8.58		
-4.37		
4.15		
0.61		
2.58		
-3.94		
-0.33		
-4.42		
0.83		
11.14		
7.09		
-4.07		
0.7		
5.57		
-3.86		
-15.46		
-6.08		
-0.13		
0.66		
4.17		
-10.14		
-4.04		
-0.21		
-0.84		
-6.06		
-5.42		
1.82		
0		
-1.64		
-5.71		
-0.85		
-0.04		
-0.78		
6.01		
3.07		
1.06		
-8.0		
0		
-7.94		
-4.84		
-2.46		
-2.12		
-2.13		
-1.89		
-2.03		
1.41		
-6.64		
2.95		
3.07		
-0.77		
-12.47		
-2.54		
4.2		
-5.24		
-4.11		
-1.81		
12.9		
-2.24		
1.47		
0.36		
-4.09		
-0.09		
1.29		
3.43		
-9.24		
-1.02		
2.07		
1.08		
-2.14		
2.09		
-6.27		
-5.97		
-7.43		
-5.36		
0.64		
4.53		
1.46		
-8.8		
2.99		
5.28		
-2.51		
-9.16		
0		
0		
0		
-9.88		
1.36		
-2.4		
-1.56		
-2.22		
-7.82		
2.63		
-10.06		
0		
0.44		
-5.03		
-1.31		
1.71		
