2.07		
3.49		
5.29		
7.97		
6.71		
-0.79		
0		
1.64		
0		
-3.65		
1.52		
0		
1.64		
0		
2.29		
-6.76		
2.95		
5.78		
0		
5.16		
-4.64		
1.82		
-3.46		
0		
0		
10.11		
2.59		
0		
4.91		
0.64		
5.52		
0.23		
-0.83		
1.05		
12.06		
0.01		
15.97		
-3.0		
-0.24		
-13.71		
-0.83		
7.71		
0		
3.07		
16.24		
2.59		
-1.72		
21.31		
-1.4		
-0.63		
0		
3.21		
8.02		
11.0		
13.11		
-2.15		
-0.36		
-0.83		
-1.22		
0		
4.38		
1.01		
0		
1.09		
2.04		
-0.29		
9.27		
7.37		
7.57		
10.51		
-3.09		
2.18		
4.28		
4.4		
0		
2.12		
0		
2.74		
1.97		
2.85		
0		
-2.95		
5.26		
3.21		
0		
3.75		
2.18		
13.93		
-5.21		
-6.76		
18.78		
-0.36		
9.76		
4.06		
1.46		
2.7		
6.65		
7.94		
4.92		
-13.71		
7.57		
3.24		
2.18		
10.25		
-2.08		
5.71		
10.71		
3.45		
2.18		
7.56		
6.47		
-0.95		
12.31		
-2.37		
-1.65		
0.08		
4.53		
1.93		
1.82		
8.02		
1.86		
2.59		
-3.29		
0		
7.71		
8.83		
-1.62		
-0.63		
4.4		
0		
10.26		
-3.46		
13.11		
3.56		
9.47		
0.84		
21.31		
-1.53		
2.0		
13.3		
7.28		
-2.32		
0.65		
6.76		
5.39		
0.56		
1.07		
2.21		
-1.4		
1.38		
1.57		
-1.7		
-2.97		
13.48		
-2.04		
8.95		
0		
6.02		
4.75		
-0.49		
2.29		
5.59		
-1.31		
-4.04		
1.55		
-1.4		
0.62		
-10.13		
-12.65		
-4.25		
-2.19		
-6.8		
-10.39		
-13.58		
-7.33		
-4.55		
-6.47		
-6.17		
-11.92		
-14.12		
0.07		
-14.17		
-5.03		
-0.35		
-10.14		
-2.75		
-1.09		
-5.52		
-24.84		
-5.48		
0.01		
-2.61		
-6.45		
-1.09		
0.16		
-0.81		
0.69		
-15.42		
-0.9		
2.62		
1.9		
-3.39		
-1.83		
-8.7		
-13.36		
-2.15		
-27.36		
-1.73		
-0.53		
-0.16		
-5.52		
-8.2		
-0.98		
-2.1		
-12.55		
-6.78		
-11.53		
-1.14		
-1.8		
-2.1		
-5.03		
-9.25		
-17.47		
-19.27		
-11.31		
-7.62		
-6.41		
-0.96		
-0.7		
-7.44		
-4.26		
-5.1		
-8.22		
-11.81		
1.06		
6.23		
-7.35		
-0.56		
-0.99		
-5.3		
-4.27		
-9.95		
-5.51		
-6.96		
-2.85		
-3.12		
-0.89		
1.47		
-13.06		
