0.01		
-6.55		
1.99		
-0.74		
-0.84		
-0.13		
2.22		
-1.25		
-2.66		
-0.3		
-1.42		
-2.51		
-0.76		
1.83		
0.13		
-1.57		
-2.31		
0.93		
2.26		
-2.19		
0.42		
2.07		
-3.24		
1.71		
2.9		
-1.22		
3.68		
0.86		
0.81		
4.45		
1.85		
-1.46		
2.35		
0		
-5.02		
-0.13		
-0.55		
1.56		
-4.87		
-3.09		
4.84		
-1.3		
-1.02		
-0.2		
0.03		
-2.97		
5.02		
2.63		
1.43		
1.7		
-3.9		
7.94		
0.84		
-2.16		
3.08		
-1.95		
2.32		
5.63		
-3.05		
1.92		
3.28		
-0.75		
0.92		
0.62		
0.22		
0.46		
4.89		
4.0		
-4.39		
2.23		
-1.1		
0.57		
-5.53		
1.46		
2.77		
-0.1		
2.65		
0		
3.07		
-1.39		
-0.58		
0.8		
2.04		
-3.45		
2.11		
-16.03		
-5.94		
0		
-2.51		
2.98		
-9.89		
2.38		
6.73		
-6.28		
0.13		
3.6		
5.18		
-8.32		
11.28		
-1.78		
0.71		
-4.88		
11.64		
0.53		
0.89		
0.28		
-0.04		
-7.59		
3.34		
-5.61		
-11.67		
1.83		
-0.05		
-1.71		
-1.59		
15.3		
-1.29		
-9.61		
2.12		
-3.5		
0.42		
-0.11		
-0.89		
-15.88		
-1.66		
-2.26		
9.62		
5.43		
0.91		
-6.78		
-11.05		
-2.63		
-5.68		
-5.29		
5.51		
-1.48		
0.31		
-0.31		
-2.57		
-4.58		
-0.92		
-2.65		
2.58		
-3.19		
-2.45		
-5.27		
-2.91		
-5.68		
-0.17		
-4.24		
-1.54		
-1.86		
-9.33		
-6.9		
-6.98		
-4.84		
5.59		
-1.76		
-1.48		
0.96		
-3.49		
4.1		
-7.99		
-0.72		
-3.21		
2.24		
4.28		
-1.1		
1.67		
0.33		
-0.15		
-3.74		
-4.11		
-3.43		
-1.62		
-11.75		
5.63		
-1.29		
-4.81		
-1.55		
-6.21		
1.03		
2.91		
1.78		
0		
1.19		
0.89		
0.81		
3.09		
-4.88		
0		
0.84		
-1.75		
2.35		
2.19		
-6.02		
-0.23		
-6.11		
2.64		
4.95		
1.31		
-1.78		
-3.23		
0.29		
-2.97		
2.17		
4.45		
-2.81		
-8.7		
0.29		
0.24		
-2.18		
3.34		
-3.56		
4.99		
4.94		
-2.73		
4.73		
2.17		
3.25		
-1.15		
-1.8		
0.98		
-0.57		
0.27		
1.74		
-4.24		
1.8		
3.16		
-1.88		
-10.1		
-1.6		
5.28		
0.21		
-0.47		
2.24		
-0.77		
-0.78		
-1.92		
0.44		
3.36		
0		
2.46		
-0.9		
0.56		
1.06		
4.85		
1.0		
-1.64		
