0.87		
0		
-4.79		
0		
0		
0		
6.0		
5.84		
-1.07		
0		
1.49		
0		
2.39		
0.03		
-2.15		
0		
-0.12		
0.09		
0		
0		
15.33		
9.27		
-0.95		
0		
0.07		
4.87		
3.6		
1.74		
-0.07		
4.43		
2.99		
0		
0		
0		
1.24		
0		
0		
0		
-3.97		
1.33		
-0.38		
1.66		
0		
0		
0		
0		
10.52		
16.32		
-1.01		
6.51		
0.38		
7.89		
0		
5.0		
0		
-1.74		
0		
2.88		
5.69		
8.2		
0		
3.3		
1.6		
-1.82		
-3.55		
0.28		
2.52		
-0.97		
0		
0		
0		
0		
-1.14		
0		
0.82		
-0.48		
0		
0		
-2.94		
0		
4.55		
2.5		
2.29		
-0.5		
-1.33		
2.1		
-2.77		
-8.4		
0.9		
1.39		
2.46		
0.99		
-3.19		
0.47		
3.39		
-4.7		
-3.26		
10.61		
-0.29		
0.91		
0.84		
3.95		
2.94		
3.06		
0.24		
-1.52		
-1.61		
1.7		
7.44		
-1.95		
0		
1.02		
3.45		
2.66		
0.08		
3.56		
4.54		
-3.98		
-0.62		
-3.13		
4.94		
-0.23		
-0.4		
-3.27		
2.97		
0.59		
-1.18		
1.74		
-0.84		
-1.36		
-1.68		
-1.48		
5.71		
2.13		
3.35		
4.08		
0.33		
-1.33		
-5.29		
6.34		
0.31		
2.83		
1.62		
0.07		
6.6		
3.29		
0.37		
1.15		
4.66		
-6.03		
10.14		
4.74		
1.84		
-1.28		
-2.88		
-0.23		
4.83		
-1.01		
3.37		
14.37		
13.0		
-2.06		
-5.87		
-1.02		
-4.28		
0.34		
-1.05		
-0.93		
-1.35		
-1.16		
-6.58		
0.63		
0.96		
-0.13		
-0.52		
1.1		
-0.87		
-2.1		
5.42		
3.39		
-0.05		
7.77		
0.92		
2.69		
2.51		
-0.01		
-4.75		
-2.0		
-2.41		
0.82		
-1.5		
-0.68		
-1.92		
-2.42		
2.38		
-2.33		
-3.87		
-4.86		
8.14		
0		
0.38		
1.28		
0		
1.09		
1.21		
-0.42		
0.44		
-1.26		
8.91		
-0.06		
1.83		
-7.64		
0		
0.96		
0.7		
-0.13		
4.87		
0.3		
-5.47		
1.56		
0.84		
-0.67		
0		
-6.06		
-0.88		
-1.6		
1.9		
0.76		
-1.68		
-1.14		
-2.07		
-2.87		
3.36		
0.58		
-0.44		
0		
0.06		
-2.73		
-1.53		
-0.78		
-2.8		
-0.96		
-1.47		
0		
-2.27		
1.67		
-0.11		
-1.66		
-0.39		
