-0.68		
0.03		
-3.88		
-1.15		
-1.5		
-0.37		
4.63		
1.82		
1.88		
-1.91		
1.51		
7.48		
13.84		
-1.15		
0		
0.19		
5.59		
-1.9		
0		
1.65		
3.75		
1.89		
1.1		
-1.42		
2.83		
1.52		
1.12		
-2.81		
0.29		
0		
1.04		
1.51		
1.78		
0.92		
0		
5.25		
3.14		
0.38		
2.78		
-0.96		
0		
3.56		
0.94		
2.37		
4.16		
1.29		
2.02		
-6.38		
-2.38		
-0.08		
-0.19		
1.38		
11.12		
-3.14		
-0.55		
-0.51		
-1.19		
2.55		
-2.6		
-0.7		
4.68		
6.31		
2.3		
3.78		
6.03		
4.63		
0.02		
8.96		
1.63		
-2.96		
0.52		
1.9		
3.14		
-2.14		
3.95		
6.68		
7.77		
1.68		
0.52		
-2.46		
2.4		
-1.97		
4.59		
7.4		
2.05		
4.51		
-0.76		
0.73		
-0.09		
-0.42		
-3.32		
0.18		
3.35		
2.66		
4.68		
2.3		
-0.3		
0.82		
3.17		
8.64		
0		
3.5		
2.16		
0.44		
3.33		
1.71		
-3.94		
4.77		
-2.12		
1.66		
6.96		
-4.7		
2.09		
-1.35		
0		
0.28		
-1.27		
0		
-5.61		
2.89		
-2.54		
-3.78		
2.12		
-0.45		
0.09		
9.04		
8.32		
0.34		
3.55		
-0.11		
-0.59		
0.78		
3.87		
7.64		
0.94		
-3.8		
-0.81		
0.49		
5.59		
-4.51		
-2.15		
-0.05		
1.37		
1.59		
2.06		
4.47		
0.02		
3.35		
0		
1.25		
1.86		
1.87		
1.99		
3.16		
1.26		
2.43		
4.36		
2.88		
8.08		
4.44		
-0.03		
2.4		
-0.01		
4.79		
3.35		
1.11		
6.11		
0		
3.13		
5.96		
0.26		
2.37		
-0.05		
2.64		
-4.07		
-2.11		
-2.42		
2.69		
0.93		
0		
0.78		
3.61		
-0.47		
0.84		
-2.08		
0.37		
0.69		
-1.67		
2.01		
-4.63		
-0.77		
-0.74		
0		
0		
-1.37		
0.83		
-0.89		
3.2		
-1.3		
7.15		
-0.72		
1.21		
0.65		
4.17		
0.7		
1.94		
-1.13		
-0.78		
1.0		
6.87		
-0.25		
4.87		
2.25		
3.13		
0.44		
0.19		
2.98		
0.27		
2.35		
1.11		
-5.4		
1.46		
-1.05		
2.48		
1.6		
1.1		
4.08		
1.83		
-0.2		
-1.94		
-0.22		
-0.42		
3.55		
-1.75		
-0.46		
-0.42		
0.45		
3.08		
2.08		
-2.36		
7.3		
0.54		
2.3		
2.95		
1.91		
0.52		
0		
-1.02		
4.73		
