0.76		
0.45		
0.04		
3.0		
3.97		
-1.46		
-1.94		
3.29		
1.68		
2.24		
6.75		
0.91		
-0.31		
2.98		
1.23		
8.59		
2.39		
1.85		
3.56		
-5.28		
-1.47		
-4.01		
0.63		
-1.41		
-7.65		
2.81		
-1.57		
-1.27		
1.27		
1.68		
4.47		
0.67		
0		
1.48		
2.68		
0		
-1.24		
1.85		
-0.67		
-0.32		
0.91		
0.19		
-2.68		
2.75		
4.04		
1.06		
3.62		
1.24		
3.32		
1.31		
-3.2		
0		
0.45		
-0.76		
-1.3		
-3.02		
2.77		
-0.33		
0.52		
1.61		
0.74		
1.48		
-0.5		
9.87		
0		
0.44		
0		
0.57		
-1.22		
10.33		
0		
-4.96		
-3.45		
-0.79		
2.45		
0.92		
-0.34		
10.0		
-1.98		
2.85		
2.13		
5.6		
2.57		
-0.5		
0.51		
7.23		
-5.41		
1.16		
0		
1.43		
-0.91		
1.83		
0.58		
0.82		
0		
0		
0		
-5.2		
-6.45		
-2.04		
2.63		
3.16		
0.7		
-0.88		
1.71		
2.72		
1.07		
4.09		
-0.5		
4.94		
-0.5		
-0.07		
-3.79		
-1.04		
0.91		
-3.11		
3.16		
-4.52		
-3.66		
2.35		
0.32		
3.4		
5.6		
-0.23		
2.39		
-1.02		
2.5		
0.58		
-0.81		
0		
2.98		
-3.31		
-0.24		
0		
-2.37		
3.47		
4.64		
5.91		
2.23		
-4.23		
0		
-1.11		
0.69		
6.97		
-1.49		
1.68		
0.16		
3.6		
1.34		
-9.49		
0.86		
-0.41		
3.68		
2.86		
3.29		
1.0		
0.23		
-1.84		
0		
7.72		
-3.88		
0		
-2.85		
-1.42		
4.44		
-2.04		
0.33		
0.67		
3.37		
-0.71		
3.42		
-1.01		
-2.02		
-2.38		
-1.31		
3.02		
1.02		
0.25		
-1.61		
-9.94		
3.4		
4.73		
1.36		
6.67		
-2.37		
0.15		
0.86		
-1.62		
2.79		
-1.12		
2.21		
-3.38		
4.36		
-0.78		
0.22		
-3.44		
1.61		
4.82		
3.11		
0.45		
-4.19		
-11.7		
-5.63		
3.0		
0		
-0.91		
3.92		
6.87		
0		
-5.97		
1.87		
-4.37		
-0.76		
0.82		
3.47		
0.69		
2.74		
-0.95		
5.61		
1.43		
2.99		
-6.04		
2.65		
-1.35		
0.2		
-0.1		
2.22		
-2.07		
7.84		
2.21		
2.09		
1.25		
3.4		
-1.29		
-2.84		
-0.88		
2.28		
-3.48		
1.8		
-3.27		
0.35		
-0.97		
2.78		
-5.78		
0		
-1.99		
2.48		
-5.7		
-2.76		
