0.65		
0.67		
-0.98		
-0.3		
-8.9		
3.74		
2.73		
4.6		
1.19		
-1.69		
-6.18		
2.21		
-0.38		
2.86		
0.77		
-7.08		
4.69		
-3.52		
0.29		
-1.35		
-2.26		
-2.81		
0.7		
2.59		
0.48		
-2.79		
-6.94		
1.72		
-7.14		
0.61		
-15.29		
3.39		
-2.21		
-8.07		
13.8		
1.52		
-8.6		
0.73		
-2.93		
4.33		
2.23		
-4.08		
2.39		
-2.66		
-4.46		
-0.0		
-5.68		
-2.17		
-3.52		
0.97		
0.4		
-5.74		
-1.51		
-0.42		
2.98		
-3.26		
3.75		
-0.57		
1.88		
-3.45		
-5.06		
3.93		
4.22		
-1.64		
0		
-3.41		
-5.58		
-2.6		
1.13		
0.34		
8.87		
1.32		
-1.77		
-11.3		
6.13		
-4.84		
-4.68		
1.45		
0		
-0.46		
-0.34		
-1.25		
-5.82		
-3.55		
-1.23		
-1.0		
-18.83		
0.19		
-7.78		
0.93		
-10.86		
-6.23		
0.29		
-6.53		
-6.39		
-5.78		
-22.59		
-4.58		
-2.24		
-10.36		
-0.18		
-6.67		
-3.81		
2.07		
-0.6		
-8.91		
-12.06		
0.44		
0.13		
0.3		
-2.62		
-3.23		
-1.05		
0.02		
-10.37		
-0.29		
-1.52		
-4.16		
-0.43		
-3.02		
-5.23		
-1.09		
-1.56		
3.64		
-5.34		
1.51		
-2.84		
-0.12		
0.14		
-2.27		
1.03		
-1.82		
-4.97		
-3.99		
0.37		
-10.04		
-4.87		
-2.8		
-3.1		
-1.31		
-4.74		
-7.09		
-5.02		
6.76		
1.14		
1.01		
0.14		
-5.75		
-7.53		
-20.93		
-7.56		
0.13		
-25.9		
-7.93		
3.89		
1.29		
-4.17		
-6.29		
-4.23		
-2.69		
-3.7		
-2.46		
0.28		
-3.62		
-8.24		
-6.59		
-1.82		
-15.0		
-1.59		
-1.08		
-13.4		
-11.15		
-3.7		
12.52		
2.05		
-7.31		
1.35		
-1.06		
-7.55		
-0.5		
-13.83		
-4.99		
-3.39		
-8.22		
-2.22		
0.1		
-10.01		
7.03		
1.44		
-1.86		
-4.11		
-4.62		
-0.51		
5.76		
-4.28		
-2.68		
1.26		
0.19		
-0.25		
-6.33		
-2.31		
-15.62		
0		
2.68		
-1.71		
2.34		
-0.97		
-2.09		
0.17		
5.03		
-0.36		
-9.14		
0.72		
-3.62		
1.86		
-17.38		
2.72		
0.5		
-5.7		
-11.96		
-3.43		
-5.28		
-6.66		
5.46		
-7.48		
2.13		
-2.36		
-9.97		
2.25		
0.93		
0.19		
1.31		
2.1		
-3.08		
-0.37		
-0.01		
4.48		
0.23		
1.29		
-0.36		
-5.67		
-2.5		
8.41		
1.86		
-1.1		
-5.01		
-0.43		
-4.34		
-0.24		
