10.64		
-2.89		
-2.89		
-2.86		
-17.05		
1.81		
-9.49		
-1.36		
0.04		
-10.46		
2.06		
1.17		
-0.35		
5.3		
1.9		
-4.74		
-7.57		
2.53		
-1.01		
-1.15		
-2.86		
2.24		
1.18		
0		
-0.67		
2.47		
-3.93		
-5.12		
-0.77		
-5.28		
-6.12		
-10.23		
-1.63		
-14.05		
-0.63		
25.72		
3.64		
0		
0.97		
-4.55		
-5.55		
-1.39		
-11.05		
-6.95		
-11.34		
-5.98		
-5.07		
-3.14		
0		
-0.6		
-7.32		
-6.28		
-10.9		
0		
-3.75		
6.73		
0.44		
-0.9		
-3.97		
-12.99		
-23.49		
-2.13		
-8.2		
-1.21		
-4.92		
-7.36		
-6.8		
-2.89		
1.53		
1.05		
-4.33		
-7.49		
9.65		
1.61		
3.35		
-0.37		
-2.75		
-2.13		
-1.86		
-4.63		
5.55		
4.13		
-3.11		
-26.39		
-3.0		
-9.65		
-1.28		
-11.03		
-3.2		
-3.03		
-1.3		
-9.41		
-10.23		
3.75		
-1.45		
-3.04		
-3.26		
-17.12		
0		
2.71		
-7.72		
0		
-4.82		
-5.8		
-5.62		
-0.72		
-1.46		
-0.5		
-1.99		
-3.52		
2.98		
2.94		
-3.48		
-6.06		
0.69		
0		
2.26		
-2.02		
-0.98		
-1.0		
-0.27		
-0.54		
-0.34		
-1.0		
1.77		
-0.87		
1.62		
-6.72		
3.27		
-0.72		
-8.48		
-2.97		
-8.4		
2.42		
2.72		
1.16		
-5.9		
-1.66		
-0.65		
0		
3.88		
0.15		
-0.56		
1.92		
-0.62		
-2.33		
-5.87		
-3.73		
0.61		
-5.31		
2.78		
0.03		
-9.65		
12.02		
-0.1		
-0.01		
-3.5		
5.01		
-8.6		
-8.21		
-9.19		
-7.28		
3.3		
4.53		
8.58		
-4.08		
-5.26		
1.03		
0		
0.63		
-8.28		
-5.45		
-6.92		
0		
3.58		
-10.26		
0.65		
-3.03		
-10.19		
-5.06		
-0.51		
-21.78		
1.02		
1.56		
-3.11		
-5.81		
-8.81		
-30.15		
-2.62		
-0.36		
-7.71		
-3.16		
-7.62		
0.06		
-3.11		
5.51		
-4.24		
-3.77		
0.45		
0		
-1.23		
0		
-4.4		
-22.49		
-16.66		
0.5		
-1.26		
-3.93		
0		
-2.79		
-2.54		
-6.65		
-10.4		
-3.91		
-0.2		
-4.76		
-0.07		
-5.43		
-11.45		
0		
-2.68		
2.21		
-5.56		
-0.36		
-7.52		
0		
-2.84		
-1.34		
-15.75		
-10.78		
0.32		
-1.17		
-3.06		
-5.52		
-1.33		
-0.67		
-1.04		
-0.73		
-3.16		
-1.81		
-0.96		
0.22		
0.58		
-6.1		
-11.82		
-3.79		
-1.44		
-6.97		
12.89		
