4.3		
-22.5		
-4.01		
-10.57		
-4.96		
-17.94		
-2.24		
-3.19		
2.97		
0.65		
4.7		
-4.67		
-2.85		
-8.63		
-7.41		
-1.82		
-1.16		
-6.26		
-6.51		
0.82		
-6.16		
-0.77		
-4.7		
-6.06		
-5.58		
-7.59		
-1.04		
-4.02		
-3.57		
-0.6		
-4.39		
-5.17		
-4.38		
-14.24		
-6.41		
-1.06		
-4.36		
-5.72		
-35.67		
-5.24		
-9.71		
-3.35		
-3.64		
-0.97		
-9.94		
-2.02		
-9.47		
1.02		
10.4		
-6.49		
-2.54		
0.09		
-13.57		
0.56		
-6.25		
-1.78		
-2.3		
1.1		
-7.02		
-7.31		
-1.39		
-3.66		
-6.82		
-13.36		
-0.8		
-1.78		
9.87		
-8.12		
-17.9		
-2.3		
-2.9		
-14.85		
3.64		
-0.03		
-12.44		
3.34		
-13.21		
-17.29		
-3.64		
-9.44		
-0.15		
-4.85		
-15.82		
-3.48		
-0.11		
-3.7		
-6.54		
-5.63		
-4.81		
-20.07		
-11.44		
-0.05		
-2.63		
-2.78		
-14.47		
-0.33		
-12.74		
-17.1		
-7.42		
-12.22		
5.56		
-3.27		
-35.02		
4.88		
-5.41		
-17.48		
-13.91		
-5.02		
-0.95		
-0.53		
-13.13		
-4.7		
1.17		
-7.53		
-6.18		
-10.32		
-4.79		
2.08		
-19.8		
-5.86		
-5.13		
0.33		
-19.98		
-3.6		
2.12		
1.32		
-10.88		
1.83		
-1.58		
-9.92		
-3.57		
-5.99		
0.94		
-3.51		
0.19		
-3.39		
-1.81		
-0.31		
-2.93		
-13.54		
-0.42		
-5.1		
-6.9		
-8.0		
-2.68		
-2.74		
-1.09		
-8.09		
-15.35		
-3.26		
-2.95		
-7.86		
-8.04		
-6.06		
-3.61		
-3.2		
-11.65		
-9.17		
-2.49		
0.63		
-21.99		
-14.15		
-24.31		
-2.24		
-6.2		
-17.81		
-3.57		
-7.24		
-0.27		
-6.07		
-3.41		
-6.16		
-4.1		
-5.3		
-3.55		
-2.73		
-1.65		
-0.81		
-5.45		
-3.62		
-5.07		
-2.62		
-7.34		
-5.89		
-3.48		
-1.24		
-13.32		
-0.75		
-13.18		
-8.09		
-3.12		
-0.8		
-10.93		
-10.96		
-0.9		
-3.8		
1.95		
3.54		
-7.9		
-4.26		
0.71		
-2.02		
-11.13		
-7.18		
-7.85		
-10.73		
-7.27		
-4.12		
0.98		
-2.95		
-11.01		
-5.63		
-0.38		
-6.68		
-13.08		
-12.7		
2.02		
-10.11		
-0.77		
-4.22		
-2.45		
-8.04		
-3.21		
-8.61		
-2.94		
-7.07		
-3.48		
3.48		
5.13		
5.19		
-11.15		
-3.04		
-1.62		
-3.7		
-2.49		
-5.89		
-9.88		
0		
1.21		
-4.07		
-2.68		
-4.97		
-0.66		
-11.69		
-1.79		
-4.86		
-0.45		
-2.43		
-6.72		
