-2.43		
2.61		
-2.67		
4.15		
-8.3		
5.74		
-1.1		
1.38		
6.63		
-1.52		
-1.88		
1.2		
-1.5		
2.39		
-2.91		
4.62		
-2.69		
-2.48		
0		
4.39		
9.69		
-1.91		
4.12		
0		
-0.28		
1.7		
-1.15		
-4.58		
1.74		
-4.14		
-1.51		
4.27		
-3.78		
-1.29		
-1.17		
-1.57		
-2.98		
2.59		
8.17		
0.83		
2.33		
-0.83		
2.32		
-0.28		
-9.04		
-3.4		
0.91		
-3.38		
-2.69		
3.57		
-9.0		
-1.69		
2.95		
1.45		
-1.84		
2.16		
1.43		
3.42		
5.72		
0.8		
2.02		
6.09		
-0.14		
0.24		
-2.75		
-9.32		
4.18		
-3.42		
-0.68		
-9.37		
1.4		
4.42		
2.05		
2.52		
-0.1		
1.6		
0.78		
-2.16		
0.79		
-0.26		
14.96		
-1.38		
4.56		
7.03		
1.83		
-3.05		
2.37		
-0.07		
-6.85		
-7.28		
-4.13		
1.29		
-9.62		
8.31		
2.07		
-5.82		
-5.38		
-3.36		
0.9		
-2.21		
-1.62		
-4.74		
3.29		
-4.02		
1.24		
-2.45		
2.64		
4.22		
-11.69		
-0.78		
-1.92		
1.46		
-1.58		
-11.27		
27.72		
-1.75		
4.87		
-1.19		
-2.3		
-8.55		
0		
-2.23		
0.72		
1.94		
-3.79		
4.63		
-16.66		
-4.95		
0.79		
-26.48		
-13.19		
-1.04		
-0.3		
-1.77		
1.69		
-3.53		
0.9		
3.58		
-0.83		
-7.0		
0.84		
-7.85		
-9.86		
2.91		
-0.82		
-4.48		
0.7		
6.81		
-0.43		
0.55		
1.65		
0.44		
-3.04		
-8.33		
1.45		
0.45		
1.98		
6.33		
-1.88		
14.39		
-0.18		
-7.27		
2.3		
-7.27		
-1.92		
-4.47		
11.05		
0.01		
-0.76		
2.81		
-0.31		
3.42		
-0.94		
12.36		
8.83		
1.83		
-1.21		
10.18		
-1.67		
5.69		
1.89		
10.53		
-3.81		
1.31		
4.97		
3.82		
-2.15		
5.8		
4.92		
-4.3		
5.93		
4.77		
0.42		
4.27		
0.34		
-18.05		
5.67		
0.08		
4.96		
-2.62		
-11.41		
-1.21		
-2.37		
4.12		
2.68		
0.28		
7.58		
0.41		
8.9		
0.87		
0.11		
2.63		
1.79		
22.01		
-3.7		
7.06		
-5.68		
-0.91		
2.18		
-4.8		
-5.0		
8.04		
5.17		
-2.93		
-1.14		
-2.04		
0		
-1.81		
1.13		
-2.0		
-1.61		
3.3		
4.98		
5.1		
0.59		
3.89		
7.44		
8.06		
-2.14		
-6.9		
2.29		
2.42		
5.59		
6.08		
3.67		
-1.12		
-1.49		
0.05		
-2.41		
