-20.72		
-13.5		
0		
-6.84		
-27.72		
-3.48		
-9.46		
-6.8		
-2.1		
0		
-1.76		
-11.83		
-2.54		
-4.75		
-17.21		
1.87		
-2.14		
-0.02		
-0.52		
0.12		
0		
-3.66		
-4.0		
-11.56		
0.14		
0		
-0.97		
-6.43		
0		
-6.09		
-8.07		
-14.89		
-4.96		
0		
-16.03		
1.67		
0		
-1.53		
0		
-8.44		
-11.72		
-12.45		
-11.47		
-6.42		
-18.41		
-2.54		
0		
0.04		
-8.72		
-6.15		
-3.43		
0.81		
-0.58		
1.83		
-15.36		
-8.69		
-10.84		
-13.2		
-4.32		
-21.25		
-0.2		
0		
0		
-15.18		
0		
2.96		
-2.24		
-6.82		
-0.26		
-3.8		
-3.61		
0		
-7.72		
-0.54		
-5.42		
-4.03		
-5.06		
-11.81		
-0.14		
-4.38		
5.9		
-5.86		
2.23		
1.8		
-24.43		
-7.22		
0		
4.49		
-1.82		
-7.33		
-4.34		
0		
0		
-5.18		
-1.72		
3.34		
0		
-4.22		
0		
0		
1.25		
0		
-0.83		
0		
4.46		
-1.66		
0.0		
0		
-6.48		
0		
0		
-1.94		
-2.33		
-8.12		
-4.49		
-2.47		
-0.03		
0		
-20.27		
1.9		
-3.67		
0		
6.56		
0		
0		
0		
0		
-4.51		
-10.09		
0		
-3.37		
0.27		
-1.44		
-6.83		
0		
0		
-17.34		
-0.1		
0		
0.57		
0		
3.91		
3.36		
1.69		
17.59		
0		
-0.98		
0		
1.21		
3.08		
-13.71		
0		
0		
-4.05		
-5.47		
0		
0		
0		
0		
0		
0		
0		
-1.61		
-21.94		
-2.98		
4.97		
5.57		
8.91		
5.75		
0.49		
-4.2		
0		
0		
-17.23		
0		
0		
1.39		
4.47		
2.47		
0		
0		
-5.66		
0		
-1.16		
0		
0		
5.26		
0		
0		
1.92		
6.55		
0		
7.13		
-18.72		
2.5		
0		
0		
0		
-0.46		
-0.05		
2.67		
0		
0		
0		
-6.39		
7.29		
-13.28		
-0.8		
0.76		
-0.46		
-5.11		
-6.36		
6.52		
0		
-0.28		
4.08		
-2.27		
-2.29		
-6.6		
0.06		
4.81		
0		
0.96		
0.7		
1.91		
-2.93		
-4.28		
0		
-1.63		
0		
0.01		
0		
-5.35		
-8.42		
2.51		
-11.44		
1.64		
1.44		
-0.35		
0.05		
0.11		
2.44		
0.47		
2.07		
-2.94		
1.67		
0		
6.63		
-1.94		
