4.42		
3.57		
-1.42		
-7.06		
0.46		
8.7		
0.15		
-2.16		
0.78		
3.28		
-1.96		
-1.51		
-2.95		
0.61		
-0.57		
1.04		
-5.3		
-1.5		
2.3		
2.85		
-1.3		
-0.2		
2.09		
4.66		
-0.5		
1.4		
0.59		
1.94		
-1.4		
-1.08		
5.36		
2.67		
-2.74		
-3.66		
-2.83		
1.69		
-0.64		
4.11		
-2.56		
2.46		
-3.89		
-0.5		
-2.28		
4.09		
-1.7		
1.53		
-1.4		
-3.09		
0		
8.08		
0.18		
-1.51		
7.87		
6.49		
3.41		
6.03		
-1.2		
5.03		
1.08		
-2.47		
-0.13		
0.78		
5.47		
2.03		
0.01		
-0.35		
-3.22		
-2.46		
1.25		
2.62		
2.63		
1.51		
-1.86		
-2.58		
0		
-1.32		
-3.5		
-3.61		
-0.81		
4.87		
-1.95		
-2.08		
2.34		
2.18		
3.24		
1.93		
2.9		
0		
0.9		
-1.53		
1.46		
-8.22		
4.63		
-0.3		
2.3		
0.94		
0.63		
4.94		
0		
-0.67		
0.12		
3.73		
4.13		
3.98		
0.95		
-2.26		
-3.26		
-2.0		
1.91		
1.6		
-0.55		
-2.49		
-2.02		
-1.38		
3.24		
8.06		
3.75		
6.59		
3.08		
7.91		
-5.62		
-1.57		
-1.83		
-1.85		
-0.95		
-0.12		
-2.06		
2.91		
4.7		
3.69		
0.11		
4.05		
3.5		
1.45		
-0.23		
1.94		
1.07		
-6.78		
3.87		
9.77		
0.2		
-3.98		
-0.99		
-2.62		
-0.52		
1.8		
1.43		
1.66		
1.36		
3.52		
0.88		
6.34		
-3.41		
-1.96		
4.23		
1.29		
1.12		
5.48		
-5.21		
7.79		
-3.6		
-0.44		
4.74		
-0.33		
-3.76		
-1.3		
7.2		
7.37		
6.26		
-1.58		
-4.41		
4.04		
0.21		
-3.83		
-0.85		
2.38		
4.12		
7.92		
0		
-0.38		
9.59		
-2.21		
-0.38		
1.68		
0.5		
-1.2		
11.98		
2.23		
4.82		
-1.65		
1.53		
-1.98		
2.59		
-1.97		
2.97		
1.35		
-2.19		
-5.95		
0		
-5.41		
-2.89		
1.03		
0.76		
-6.98		
0.43		
4.67		
0.27		
2.55		
-1.69		
-0.13		
6.21		
2.62		
0.07		
-1.07		
5.31		
-0.23		
-0.93		
2.65		
2.34		
1.31		
-2.12		
-0.18		
3.68		
-7.36		
0.31		
-0.69		
-3.05		
4.23		
-1.78		
-2.64		
4.57		
0.67		
-0.23		
-4.17		
-8.38		
0.17		
2.08		
-2.48		
-1.99		
-1.78		
4.88		
-4.99		
-3.67		
-0.39		
1.67		
0.82		
0.14		
0.54		
-0.62		
