-5.98		
0.05		
2.15		
-0.43		
2.82		
-0.58		
0		
3.75		
-0.95		
-4.99		
9.72		
-0.31		
-1.63		
1.71		
5.84		
-1.45		
4.5		
2.82		
-0.09		
4.67		
-0.61		
1.11		
1.4		
2.03		
-2.13		
0.13		
0.02		
-6.74		
6.55		
2.66		
-1.08		
-2.22		
-6.68		
-3.89		
-0.29		
2.27		
1.94		
-0.75		
1.54		
-3.93		
-0.21		
0.02		
1.67		
6.01		
-3.09		
-16.67		
0		
4.99		
-2.16		
-1.22		
4.13		
-6.42		
0.28		
-0.74		
4.41		
2.11		
-0.86		
1.58		
8.34		
0.18		
3.57		
-10.37		
-6.58		
1.98		
-0.09		
2.37		
1.71		
4.52		
17.82		
-1.69		
-0.23		
-2.41		
1.43		
4.41		
2.43		
19.61		
-0.86		
1.43		
1.53		
12.23		
-3.47		
2.89		
4.73		
7.83		
13.86		
3.0		
-0.98		
1.71		
-0.09		
9.41		
2.71		
-2.89		
-4.9		
5.87		
-4.92		
7.72		
-1.73		
-8.73		
-1.55		
7.31		
13.89		
5.7		
-6.2		
6.25		
4.76		
3.05		
2.76		
-0.71		
2.78		
-1.23		
8.49		
-0.43		
4.87		
0.33		
-1.07		
2.94		
3.16		
4.68		
4.22		
4.28		
-10.89		
-10.34		
-0.58		
45.03		
2.75		
-2.19		
-10.49		
4.9		
-0.61		
0.43		
-0.04		
-3.66		
3.62		
-2.06		
5.42		
-3.99		
3.16		
5.05		
-0.71		
4.66		
1.1		
-0.44		
-2.6		
-2.22		
-2.11		
-2.04		
0.17		
4.92		
8.19		
1.27		
2.45		
-2.69		
-2.61		
4.99		
15.49		
1.4		
2.3		
0.98		
1.29		
0.04		
5.15		
7.47		
1.47		
5.7		
0.83		
3.29		
-3.77		
-4.31		
1.01		
2.95		
0.21		
1.48		
1.49		
-1.47		
1.36		
0.5		
-1.97		
1.43		
0		
0.77		
1.66		
-4.51		
0		
3.17		
-0.56		
-0.86		
0.05		
-0.83		
0.04		
9.55		
0.83		
-0.74		
5.82		
1.14		
-1.31		
19.5		
3.26		
3.78		
-0.84		
-0.06		
-0.01		
2.33		
-4.1		
2.16		
-2.36		
-0.66		
0.36		
-3.04		
-3.37		
3.27		
-0.3		
-0.46		
1.98		
-1.2		
1.02		
3.96		
6.21		
0.15		
3.1		
3.08		
-1.29		
-0.43		
-1.4		
0		
3.04		
2.41		
-0.98		
-3.96		
-3.13		
1.44		
-0.15		
4.05		
2.44		
1.36		
2.47		
0		
4.96		
-5.03		
-1.09		
-4.4		
-1.57		
0		
1.76		
0.53		
-3.72		
2.86		
-0.23		
1.43		
-4.31		
