-0.23		
11.76		
2.28		
0		
11.0		
13.2		
-13.75		
-2.62		
-7.71		
5.82		
1.43		
-11.13		
7.34		
-0.58		
0.93		
5.97		
0.06		
-5.49		
-1.66		
-9.03		
7.12		
3.52		
4.4		
3.85		
-2.78		
3.75		
-4.95		
-0.24		
2.37		
3.57		
2.68		
-3.17		
-9.02		
-2.97		
1.57		
-4.61		
-0.71		
3.63		
0		
1.73		
-0.74		
-1.89		
0.23		
-5.14		
-4.29		
0.02		
-1.41		
2.81		
3.96		
-0.93		
2.65		
-1.06		
0.72		
7.34		
-7.71		
7.95		
4.66		
1.22		
6.49		
-8.69		
-2.23		
-2.15		
-6.85		
-3.1		
5.25		
7.69		
2.65		
-0.75		
4.82		
-0.23		
7.81		
1.92		
5.1		
2.79		
-4.61		
1.11		
0.35		
1.04		
0		
0.57		
-0.33		
4.01		
2.04		
0		
0		
0		
-2.42		
0		
0		
0		
0		
0		
0		
0		
0		
0		
0		
0		
0		
0		
0		
0		
0		
0		
0		
0		
0		
-4.33		
0		
0		
0		
0		
0		
2.86		
0		
0		
0		
0		
0		
0		
0		
0		
0		
0		
0		
0		
0		
0		
0		
0		
0		
0		
0		
0		
0		
0		
0		
0		
0		
0		
0		
0		
-9.52		
0		
0		
0		
0		
0		
0		
0		
0		
0		
0		
0		
0		
0		
0		
0		
0		
0		
0		
0		
0		
0		
0		
0		
0		
0		
0		
0		
0		
0		
1.79		
0		
0		
0		
0		
0		
0		
0		
2.69		
0		
0		
0		
0		
0		
0		
-0.89		
1.93		
4.66		
4.15		
-0.07		
-1.12		
-2.0		
3.18		
1.65		
2.91		
-4.51		
5.08		
-1.35		
-1.8		
2.03		
-1.46		
0		
1.33		
0		
-2.03		
-0.13		
-2.83		
-6.68		
3.92		
-1.08		
1.26		
3.92		
1.59		
-6.26		
6.56		
-5.89		
-1.06		
4.95		
0		
0.06		
0.83		
4.87		
-11.52		
1.37		
5.03		
0.25		
-2.04		
-0.75		
0.85		
-13.23		
-3.75		
6.57		
4.75		
8.49		
2.74		
-0.68		
2.13		
2.84		
2.47		
1.18		
-7.18		
0.95		
-4.54		
3.09		
-1.07		
-1.68		
-4.85		
-1.56		
0.33		
13.61		
2.36		
4.06		
-2.33		
2.34		
0.51		
-1.99		
-1.75		
3.92		
-0.5		
2.29		
-1.48		
1.57		
-0.03		
-1.89		
7.07		
-1.22		
2.7		
-1.21		
